2019/11/14-17:34:34.199876 7efdaf224700 RocksDB version: 5.18.3
2019/11/14-17:34:34.199958 7efdaf224700 Git sha rocksdb_build_git_sha:2b38e2dd6602a17a2010308580fd5d8c91dea650
2019/11/14-17:34:34.199963 7efdaf224700 Compile date Nov 12 2019
2019/11/14-17:34:34.199966 7efdaf224700 DB SUMMARY
2019/11/14-17:34:34.200019 7efdaf224700 CURRENT file:  CURRENT
2019/11/14-17:34:34.200029 7efdaf224700 IDENTITY file:  IDENTITY
2019/11/14-17:34:34.200036 7efdaf224700 MANIFEST file:  MANIFEST-000038 size: 137 Bytes
2019/11/14-17:34:34.200039 7efdaf224700 SST files in rocksdb/test_insert_batch_should_return_ok dir, Total Num: 0, files: 
2019/11/14-17:34:34.200041 7efdaf224700 Write Ahead Log file in rocksdb/test_insert_batch_should_return_ok: 000039.log size: 102 ; 
2019/11/14-17:34:34.200043 7efdaf224700                         Options.error_if_exists: 0
2019/11/14-17:34:34.200044 7efdaf224700                       Options.create_if_missing: 1
2019/11/14-17:34:34.200044 7efdaf224700                         Options.paranoid_checks: 1
2019/11/14-17:34:34.200045 7efdaf224700                                     Options.env: 0x555f06b26000
2019/11/14-17:34:34.200048 7efdaf224700                                Options.info_log: 0x7efd9c008a90
2019/11/14-17:34:34.200050 7efdaf224700                Options.max_file_opening_threads: 16
2019/11/14-17:34:34.200051 7efdaf224700                              Options.statistics: (nil)
2019/11/14-17:34:34.200053 7efdaf224700                               Options.use_fsync: 0
2019/11/14-17:34:34.200053 7efdaf224700                       Options.max_log_file_size: 0
2019/11/14-17:34:34.200056 7efdaf224700                  Options.max_manifest_file_size: 1073741824
2019/11/14-17:34:34.200058 7efdaf224700                   Options.log_file_time_to_roll: 0
2019/11/14-17:34:34.200076 7efdaf224700                       Options.keep_log_file_num: 1000
2019/11/14-17:34:34.200082 7efdaf224700                    Options.recycle_log_file_num: 0
2019/11/14-17:34:34.200083 7efdaf224700                         Options.allow_fallocate: 1
2019/11/14-17:34:34.200084 7efdaf224700                        Options.allow_mmap_reads: 0
2019/11/14-17:34:34.200084 7efdaf224700                       Options.allow_mmap_writes: 0
2019/11/14-17:34:34.200085 7efdaf224700                        Options.use_direct_reads: 0
2019/11/14-17:34:34.200087 7efdaf224700                        Options.use_direct_io_for_flush_and_compaction: 0
2019/11/14-17:34:34.200089 7efdaf224700          Options.create_missing_column_families: 1
2019/11/14-17:34:34.200090 7efdaf224700                              Options.db_log_dir: 
2019/11/14-17:34:34.200091 7efdaf224700                                 Options.wal_dir: rocksdb/test_insert_batch_should_return_ok
2019/11/14-17:34:34.200092 7efdaf224700                Options.table_cache_numshardbits: 6
2019/11/14-17:34:34.200097 7efdaf224700                      Options.max_subcompactions: 1
2019/11/14-17:34:34.200100 7efdaf224700                  Options.max_background_flushes: -1
2019/11/14-17:34:34.200101 7efdaf224700                         Options.WAL_ttl_seconds: 0
2019/11/14-17:34:34.200102 7efdaf224700                       Options.WAL_size_limit_MB: 0
2019/11/14-17:34:34.200103 7efdaf224700             Options.manifest_preallocation_size: 4194304
2019/11/14-17:34:34.200104 7efdaf224700                     Options.is_fd_close_on_exec: 1
2019/11/14-17:34:34.200105 7efdaf224700                   Options.advise_random_on_open: 1
2019/11/14-17:34:34.200106 7efdaf224700                    Options.db_write_buffer_size: 0
2019/11/14-17:34:34.200107 7efdaf224700                    Options.write_buffer_manager: 0x7efd9c007110
2019/11/14-17:34:34.200109 7efdaf224700         Options.access_hint_on_compaction_start: 1
2019/11/14-17:34:34.200110 7efdaf224700  Options.new_table_reader_for_compaction_inputs: 0
2019/11/14-17:34:34.200111 7efdaf224700           Options.random_access_max_buffer_size: 1048576
2019/11/14-17:34:34.200113 7efdaf224700                      Options.use_adaptive_mutex: 0
2019/11/14-17:34:34.200114 7efdaf224700                            Options.rate_limiter: (nil)
2019/11/14-17:34:34.200125 7efdaf224700     Options.sst_file_manager.rate_bytes_per_sec: 0
2019/11/14-17:34:34.200126 7efdaf224700                       Options.wal_recovery_mode: 2
2019/11/14-17:34:34.200127 7efdaf224700                  Options.enable_thread_tracking: 0
2019/11/14-17:34:34.200128 7efdaf224700                  Options.enable_pipelined_write: 0
2019/11/14-17:34:34.200129 7efdaf224700         Options.allow_concurrent_memtable_write: 1
2019/11/14-17:34:34.200130 7efdaf224700      Options.enable_write_thread_adaptive_yield: 1
2019/11/14-17:34:34.200132 7efdaf224700             Options.write_thread_max_yield_usec: 100
2019/11/14-17:34:34.200133 7efdaf224700            Options.write_thread_slow_yield_usec: 3
2019/11/14-17:34:34.200135 7efdaf224700                               Options.row_cache: None
2019/11/14-17:34:34.200136 7efdaf224700                              Options.wal_filter: None
2019/11/14-17:34:34.200137 7efdaf224700             Options.avoid_flush_during_recovery: 0
2019/11/14-17:34:34.200139 7efdaf224700             Options.allow_ingest_behind: 0
2019/11/14-17:34:34.200140 7efdaf224700             Options.preserve_deletes: 0
2019/11/14-17:34:34.200142 7efdaf224700             Options.two_write_queues: 0
2019/11/14-17:34:34.200143 7efdaf224700             Options.manual_wal_flush: 0
2019/11/14-17:34:34.200146 7efdaf224700             Options.max_background_jobs: 2
2019/11/14-17:34:34.200147 7efdaf224700             Options.max_background_compactions: -1
2019/11/14-17:34:34.200148 7efdaf224700             Options.avoid_flush_during_shutdown: 0
2019/11/14-17:34:34.200150 7efdaf224700           Options.writable_file_max_buffer_size: 1048576
2019/11/14-17:34:34.200151 7efdaf224700             Options.delayed_write_rate : 16777216
2019/11/14-17:34:34.200166 7efdaf224700             Options.max_total_wal_size: 0
2019/11/14-17:34:34.200168 7efdaf224700             Options.delete_obsolete_files_period_micros: 21600000000
2019/11/14-17:34:34.200169 7efdaf224700                   Options.stats_dump_period_sec: 600
2019/11/14-17:34:34.200170 7efdaf224700                          Options.max_open_files: -1
2019/11/14-17:34:34.200171 7efdaf224700                          Options.bytes_per_sync: 0
2019/11/14-17:34:34.200177 7efdaf224700                      Options.wal_bytes_per_sync: 0
2019/11/14-17:34:34.200179 7efdaf224700       Options.compaction_readahead_size: 0
2019/11/14-17:34:34.200180 7efdaf224700 Compression algorithms supported:
2019/11/14-17:34:34.200207 7efdaf224700 	kZSTDNotFinalCompression supported: 1
2019/11/14-17:34:34.200211 7efdaf224700 	kZSTD supported: 1
2019/11/14-17:34:34.200215 7efdaf224700 	kXpressCompression supported: 0
2019/11/14-17:34:34.200216 7efdaf224700 	kLZ4HCCompression supported: 1
2019/11/14-17:34:34.200218 7efdaf224700 	kLZ4Compression supported: 1
2019/11/14-17:34:34.200219 7efdaf224700 	kBZip2Compression supported: 1
2019/11/14-17:34:34.200223 7efdaf224700 	kZlibCompression supported: 1
2019/11/14-17:34:34.200228 7efdaf224700 	kSnappyCompression supported: 1
2019/11/14-17:34:34.200239 7efdaf224700 Fast CRC32 supported: Supported on x86
2019/11/14-17:34:34.200458 7efdaf224700 [db/version_set.cc:3508] Recovering from manifest file: MANIFEST-000038
2019/11/14-17:34:34.200652 7efdaf224700 [db/column_family.cc:474] --------------- Options for column family [default]:
2019/11/14-17:34:34.200657 7efdaf224700               Options.comparator: leveldb.BytewiseComparator
2019/11/14-17:34:34.200659 7efdaf224700           Options.merge_operator: None
2019/11/14-17:34:34.200660 7efdaf224700        Options.compaction_filter: None
2019/11/14-17:34:34.200661 7efdaf224700        Options.compaction_filter_factory: None
2019/11/14-17:34:34.200663 7efdaf224700         Options.memtable_factory: SkipListFactory
2019/11/14-17:34:34.200665 7efdaf224700            Options.table_factory: BlockBasedTable
2019/11/14-17:34:34.200711 7efdaf224700            table_factory options:   flush_block_policy_factory: FlushBlockBySizePolicyFactory (0x7efd9c0055b0)
  cache_index_and_filter_blocks: 0
  cache_index_and_filter_blocks_with_high_priority: 0
  pin_l0_filter_and_index_blocks_in_cache: 0
  pin_top_level_index_and_filter: 1
  index_type: 0
  hash_index_allow_collision: 1
  checksum: 1
  no_block_cache: 0
  block_cache: 0x7efd9c005600
  block_cache_name: LRUCache
  block_cache_options:
    capacity : 8388608
    num_shard_bits : 4
    strict_capacity_limit : 0
    memory_allocator : None
    high_pri_pool_ratio: 0.000
  block_cache_compressed: (nil)
  persistent_cache: (nil)
  block_size: 4096
  block_size_deviation: 10
  block_restart_interval: 16
  index_block_restart_interval: 1
  metadata_block_size: 4096
  partition_filters: 0
  use_delta_encoding: 1
  filter_policy: nullptr
  whole_key_filtering: 1
  verify_compression: 0
  read_amp_bytes_per_bit: 0
  format_version: 2
  enable_index_compression: 1
  block_align: 0
2019/11/14-17:34:34.200732 7efdaf224700        Options.write_buffer_size: 67108864
2019/11/14-17:34:34.200734 7efdaf224700  Options.max_write_buffer_number: 2
2019/11/14-17:34:34.200737 7efdaf224700          Options.compression: Snappy
2019/11/14-17:34:34.200739 7efdaf224700                  Options.bottommost_compression: Disabled
2019/11/14-17:34:34.200740 7efdaf224700       Options.prefix_extractor: nullptr
2019/11/14-17:34:34.200742 7efdaf224700   Options.memtable_insert_with_hint_prefix_extractor: nullptr
2019/11/14-17:34:34.200743 7efdaf224700             Options.num_levels: 7
2019/11/14-17:34:34.200744 7efdaf224700        Options.min_write_buffer_number_to_merge: 1
2019/11/14-17:34:34.200745 7efdaf224700     Options.max_write_buffer_number_to_maintain: 0
2019/11/14-17:34:34.200747 7efdaf224700            Options.bottommost_compression_opts.window_bits: -14
2019/11/14-17:34:34.200748 7efdaf224700                  Options.bottommost_compression_opts.level: 32767
2019/11/14-17:34:34.200749 7efdaf224700               Options.bottommost_compression_opts.strategy: 0
2019/11/14-17:34:34.200750 7efdaf224700         Options.bottommost_compression_opts.max_dict_bytes: 0
2019/11/14-17:34:34.200752 7efdaf224700         Options.bottommost_compression_opts.zstd_max_train_bytes: 0
2019/11/14-17:34:34.200753 7efdaf224700                  Options.bottommost_compression_opts.enabled: false
2019/11/14-17:34:34.200754 7efdaf224700            Options.compression_opts.window_bits: -14
2019/11/14-17:34:34.200756 7efdaf224700                  Options.compression_opts.level: 32767
2019/11/14-17:34:34.200759 7efdaf224700               Options.compression_opts.strategy: 0
2019/11/14-17:34:34.200760 7efdaf224700         Options.compression_opts.max_dict_bytes: 0
2019/11/14-17:34:34.200762 7efdaf224700         Options.compression_opts.zstd_max_train_bytes: 0
2019/11/14-17:34:34.200763 7efdaf224700                  Options.compression_opts.enabled: false
2019/11/14-17:34:34.200765 7efdaf224700      Options.level0_file_num_compaction_trigger: 4
2019/11/14-17:34:34.200766 7efdaf224700          Options.level0_slowdown_writes_trigger: 20
2019/11/14-17:34:34.200768 7efdaf224700              Options.level0_stop_writes_trigger: 36
2019/11/14-17:34:34.200787 7efdaf224700                   Options.target_file_size_base: 67108864
2019/11/14-17:34:34.200788 7efdaf224700             Options.target_file_size_multiplier: 1
2019/11/14-17:34:34.200789 7efdaf224700                Options.max_bytes_for_level_base: 268435456
2019/11/14-17:34:34.200790 7efdaf224700 Options.level_compaction_dynamic_level_bytes: 0
2019/11/14-17:34:34.200792 7efdaf224700          Options.max_bytes_for_level_multiplier: 10.000000
2019/11/14-17:34:34.200795 7efdaf224700 Options.max_bytes_for_level_multiplier_addtl[0]: 1
2019/11/14-17:34:34.200796 7efdaf224700 Options.max_bytes_for_level_multiplier_addtl[1]: 1
2019/11/14-17:34:34.200798 7efdaf224700 Options.max_bytes_for_level_multiplier_addtl[2]: 1
2019/11/14-17:34:34.200799 7efdaf224700 Options.max_bytes_for_level_multiplier_addtl[3]: 1
2019/11/14-17:34:34.200800 7efdaf224700 Options.max_bytes_for_level_multiplier_addtl[4]: 1
2019/11/14-17:34:34.200801 7efdaf224700 Options.max_bytes_for_level_multiplier_addtl[5]: 1
2019/11/14-17:34:34.200820 7efdaf224700 Options.max_bytes_for_level_multiplier_addtl[6]: 1
2019/11/14-17:34:34.200822 7efdaf224700       Options.max_sequential_skip_in_iterations: 8
2019/11/14-17:34:34.200823 7efdaf224700                    Options.max_compaction_bytes: 1677721600
2019/11/14-17:34:34.200824 7efdaf224700                        Options.arena_block_size: 8388608
2019/11/14-17:34:34.200825 7efdaf224700   Options.soft_pending_compaction_bytes_limit: 68719476736
2019/11/14-17:34:34.200826 7efdaf224700   Options.hard_pending_compaction_bytes_limit: 274877906944
2019/11/14-17:34:34.200827 7efdaf224700       Options.rate_limit_delay_max_milliseconds: 100
2019/11/14-17:34:34.200828 7efdaf224700                Options.disable_auto_compactions: 0
2019/11/14-17:34:34.200831 7efdaf224700                        Options.compaction_style: kCompactionStyleLevel
2019/11/14-17:34:34.200833 7efdaf224700                          Options.compaction_pri: kByCompensatedSize
2019/11/14-17:34:34.200835 7efdaf224700 Options.compaction_options_universal.size_ratio: 1
2019/11/14-17:34:34.200836 7efdaf224700 Options.compaction_options_universal.min_merge_width: 2
2019/11/14-17:34:34.200848 7efdaf224700 Options.compaction_options_universal.max_merge_width: 4294967295
2019/11/14-17:34:34.200849 7efdaf224700 Options.compaction_options_universal.max_size_amplification_percent: 200
2019/11/14-17:34:34.200851 7efdaf224700 Options.compaction_options_universal.compression_size_percent: -1
2019/11/14-17:34:34.200854 7efdaf224700 Options.compaction_options_universal.stop_style: kCompactionStopStyleTotalSize
2019/11/14-17:34:34.200856 7efdaf224700 Options.compaction_options_fifo.max_table_files_size: 1073741824
2019/11/14-17:34:34.200857 7efdaf224700 Options.compaction_options_fifo.allow_compaction: 0
2019/11/14-17:34:34.200859 7efdaf224700 Options.compaction_options_fifo.ttl: 0
2019/11/14-17:34:34.200860 7efdaf224700                   Options.table_properties_collectors: 
2019/11/14-17:34:34.200862 7efdaf224700                   Options.inplace_update_support: 0
2019/11/14-17:34:34.200863 7efdaf224700                 Options.inplace_update_num_locks: 10000
2019/11/14-17:34:34.200865 7efdaf224700               Options.memtable_prefix_bloom_size_ratio: 0.000000
2019/11/14-17:34:34.200868 7efdaf224700   Options.memtable_huge_page_size: 0
2019/11/14-17:34:34.200869 7efdaf224700                           Options.bloom_locality: 0
2019/11/14-17:34:34.200871 7efdaf224700                    Options.max_successive_merges: 0
2019/11/14-17:34:34.200872 7efdaf224700                Options.optimize_filters_for_hits: 0
2019/11/14-17:34:34.200874 7efdaf224700                Options.paranoid_file_checks: 0
2019/11/14-17:34:34.200875 7efdaf224700                Options.force_consistency_checks: 0
2019/11/14-17:34:34.200877 7efdaf224700                Options.report_bg_io_stats: 0
2019/11/14-17:34:34.200878 7efdaf224700                               Options.ttl: 0
2019/11/14-17:34:34.201032 7efdaf224700 [db/column_family.cc:474] --------------- Options for column family [contracts]:
2019/11/14-17:34:34.201038 7efdaf224700               Options.comparator: leveldb.BytewiseComparator
2019/11/14-17:34:34.201051 7efdaf224700           Options.merge_operator: None
2019/11/14-17:34:34.201052 7efdaf224700        Options.compaction_filter: None
2019/11/14-17:34:34.201062 7efdaf224700        Options.compaction_filter_factory: None
2019/11/14-17:34:34.201063 7efdaf224700         Options.memtable_factory: SkipListFactory
2019/11/14-17:34:34.201064 7efdaf224700            Options.table_factory: BlockBasedTable
2019/11/14-17:34:34.201087 7efdaf224700            table_factory options:   flush_block_policy_factory: FlushBlockBySizePolicyFactory (0x7efd9c0033b0)
  cache_index_and_filter_blocks: 0
  cache_index_and_filter_blocks_with_high_priority: 0
  pin_l0_filter_and_index_blocks_in_cache: 0
  pin_top_level_index_and_filter: 1
  index_type: 0
  hash_index_allow_collision: 1
  checksum: 1
  no_block_cache: 0
  block_cache: 0x7efd9c003400
  block_cache_name: LRUCache
  block_cache_options:
    capacity : 8388608
    num_shard_bits : 4
    strict_capacity_limit : 0
    memory_allocator : None
    high_pri_pool_ratio: 0.000
  block_cache_compressed: (nil)
  persistent_cache: (nil)
  block_size: 4096
  block_size_deviation: 10
  block_restart_interval: 16
  index_block_restart_interval: 1
  metadata_block_size: 4096
  partition_filters: 0
  use_delta_encoding: 1
  filter_policy: nullptr
  whole_key_filtering: 1
  verify_compression: 0
  read_amp_bytes_per_bit: 0
  format_version: 2
  enable_index_compression: 1
  block_align: 0
2019/11/14-17:34:34.201103 7efdaf224700        Options.write_buffer_size: 67108864
2019/11/14-17:34:34.201107 7efdaf224700  Options.max_write_buffer_number: 2
2019/11/14-17:34:34.201109 7efdaf224700          Options.compression: Snappy
2019/11/14-17:34:34.201110 7efdaf224700                  Options.bottommost_compression: Disabled
2019/11/14-17:34:34.201111 7efdaf224700       Options.prefix_extractor: nullptr
2019/11/14-17:34:34.201118 7efdaf224700   Options.memtable_insert_with_hint_prefix_extractor: nullptr
2019/11/14-17:34:34.201119 7efdaf224700             Options.num_levels: 7
2019/11/14-17:34:34.201120 7efdaf224700        Options.min_write_buffer_number_to_merge: 1
2019/11/14-17:34:34.201122 7efdaf224700     Options.max_write_buffer_number_to_maintain: 0
2019/11/14-17:34:34.201123 7efdaf224700            Options.bottommost_compression_opts.window_bits: -14
2019/11/14-17:34:34.201125 7efdaf224700                  Options.bottommost_compression_opts.level: 32767
2019/11/14-17:34:34.201136 7efdaf224700               Options.bottommost_compression_opts.strategy: 0
2019/11/14-17:34:34.201137 7efdaf224700         Options.bottommost_compression_opts.max_dict_bytes: 0
2019/11/14-17:34:34.201139 7efdaf224700         Options.bottommost_compression_opts.zstd_max_train_bytes: 0
2019/11/14-17:34:34.201141 7efdaf224700                  Options.bottommost_compression_opts.enabled: false
2019/11/14-17:34:34.201143 7efdaf224700            Options.compression_opts.window_bits: -14
2019/11/14-17:34:34.201145 7efdaf224700                  Options.compression_opts.level: 32767
2019/11/14-17:34:34.201148 7efdaf224700               Options.compression_opts.strategy: 0
2019/11/14-17:34:34.201155 7efdaf224700         Options.compression_opts.max_dict_bytes: 0
2019/11/14-17:34:34.201177 7efdaf224700         Options.compression_opts.zstd_max_train_bytes: 0
2019/11/14-17:34:34.201179 7efdaf224700                  Options.compression_opts.enabled: false
2019/11/14-17:34:34.201180 7efdaf224700      Options.level0_file_num_compaction_trigger: 4
2019/11/14-17:34:34.201181 7efdaf224700          Options.level0_slowdown_writes_trigger: 20
2019/11/14-17:34:34.201182 7efdaf224700              Options.level0_stop_writes_trigger: 36
2019/11/14-17:34:34.201191 7efdaf224700                   Options.target_file_size_base: 67108864
2019/11/14-17:34:34.201192 7efdaf224700             Options.target_file_size_multiplier: 1
2019/11/14-17:34:34.201194 7efdaf224700                Options.max_bytes_for_level_base: 268435456
2019/11/14-17:34:34.201205 7efdaf224700 Options.level_compaction_dynamic_level_bytes: 0
2019/11/14-17:34:34.201207 7efdaf224700          Options.max_bytes_for_level_multiplier: 10.000000
2019/11/14-17:34:34.201210 7efdaf224700 Options.max_bytes_for_level_multiplier_addtl[0]: 1
2019/11/14-17:34:34.201212 7efdaf224700 Options.max_bytes_for_level_multiplier_addtl[1]: 1
2019/11/14-17:34:34.201214 7efdaf224700 Options.max_bytes_for_level_multiplier_addtl[2]: 1
2019/11/14-17:34:34.201215 7efdaf224700 Options.max_bytes_for_level_multiplier_addtl[3]: 1
2019/11/14-17:34:34.201216 7efdaf224700 Options.max_bytes_for_level_multiplier_addtl[4]: 1
2019/11/14-17:34:34.201217 7efdaf224700 Options.max_bytes_for_level_multiplier_addtl[5]: 1
2019/11/14-17:34:34.201218 7efdaf224700 Options.max_bytes_for_level_multiplier_addtl[6]: 1
2019/11/14-17:34:34.201230 7efdaf224700       Options.max_sequential_skip_in_iterations: 8
2019/11/14-17:34:34.201238 7efdaf224700                    Options.max_compaction_bytes: 1677721600
2019/11/14-17:34:34.201247 7efdaf224700                        Options.arena_block_size: 8388608
2019/11/14-17:34:34.201249 7efdaf224700   Options.soft_pending_compaction_bytes_limit: 68719476736
2019/11/14-17:34:34.201250 7efdaf224700   Options.hard_pending_compaction_bytes_limit: 274877906944
2019/11/14-17:34:34.201253 7efdaf224700       Options.rate_limit_delay_max_milliseconds: 100
2019/11/14-17:34:34.201254 7efdaf224700                Options.disable_auto_compactions: 0
2019/11/14-17:34:34.201267 7efdaf224700                        Options.compaction_style: kCompactionStyleLevel
2019/11/14-17:34:34.201271 7efdaf224700                          Options.compaction_pri: kByCompensatedSize
2019/11/14-17:34:34.201273 7efdaf224700 Options.compaction_options_universal.size_ratio: 1
2019/11/14-17:34:34.201275 7efdaf224700 Options.compaction_options_universal.min_merge_width: 2
2019/11/14-17:34:34.201277 7efdaf224700 Options.compaction_options_universal.max_merge_width: 4294967295
2019/11/14-17:34:34.201279 7efdaf224700 Options.compaction_options_universal.max_size_amplification_percent: 200
2019/11/14-17:34:34.201281 7efdaf224700 Options.compaction_options_universal.compression_size_percent: -1
2019/11/14-17:34:34.201284 7efdaf224700 Options.compaction_options_universal.stop_style: kCompactionStopStyleTotalSize
2019/11/14-17:34:34.201285 7efdaf224700 Options.compaction_options_fifo.max_table_files_size: 1073741824
2019/11/14-17:34:34.201287 7efdaf224700 Options.compaction_options_fifo.allow_compaction: 0
2019/11/14-17:34:34.201289 7efdaf224700 Options.compaction_options_fifo.ttl: 0
2019/11/14-17:34:34.201290 7efdaf224700                   Options.table_properties_collectors: 
2019/11/14-17:34:34.201291 7efdaf224700                   Options.inplace_update_support: 0
2019/11/14-17:34:34.201292 7efdaf224700                 Options.inplace_update_num_locks: 10000
2019/11/14-17:34:34.201294 7efdaf224700               Options.memtable_prefix_bloom_size_ratio: 0.000000
2019/11/14-17:34:34.201295 7efdaf224700   Options.memtable_huge_page_size: 0
2019/11/14-17:34:34.201296 7efdaf224700                           Options.bloom_locality: 0
2019/11/14-17:34:34.201297 7efdaf224700                    Options.max_successive_merges: 0
2019/11/14-17:34:34.201298 7efdaf224700                Options.optimize_filters_for_hits: 0
2019/11/14-17:34:34.201299 7efdaf224700                Options.paranoid_file_checks: 0
2019/11/14-17:34:34.201300 7efdaf224700                Options.force_consistency_checks: 0
2019/11/14-17:34:34.201301 7efdaf224700                Options.report_bg_io_stats: 0
2019/11/14-17:34:34.201302 7efdaf224700                               Options.ttl: 0
2019/11/14-17:34:34.202173 7efdaf224700 [db/version_set.cc:3724] Recovered from manifest file:rocksdb/test_insert_batch_should_return_ok/MANIFEST-000038 succeeded,manifest_file_number is 38, next_file_number is 45, last_sequence is 18, log_number is 0,prev_log_number is 0,max_column_family is 6,min_log_number_to_keep is 0
2019/11/14-17:34:34.202183 7efdaf224700 [db/version_set.cc:3732] Column family [default] (ID 0), log number is 33
2019/11/14-17:34:34.202311 7efdaf224700 EVENT_LOG_v1 {"time_micros": 1573724074202304, "job": 1, "event": "recovery_started", "log_files": [39]}
2019/11/14-17:34:34.202318 7efdaf224700 [db/db_impl_open.cc:578] Recovering log #39 mode 2
2019/11/14-17:34:34.202441 7efdaf224700 [db/version_set.cc:3037] Creating manifest 45
2019/11/14-17:34:34.419843 7efdaf224700 EVENT_LOG_v1 {"time_micros": 1573724074419839, "job": 1, "event": "recovery_finished"}
2019/11/14-17:34:34.494722 7efdaf224700 [db/column_family.cc:474] --------------- Options for column family [contracts]:
2019/11/14-17:34:34.494725 7efdaf224700               Options.comparator: leveldb.BytewiseComparator
2019/11/14-17:34:34.494727 7efdaf224700           Options.merge_operator: None
2019/11/14-17:34:34.494728 7efdaf224700        Options.compaction_filter: None
2019/11/14-17:34:34.494730 7efdaf224700        Options.compaction_filter_factory: None
2019/11/14-17:34:34.494731 7efdaf224700         Options.memtable_factory: SkipListFactory
2019/11/14-17:34:34.494732 7efdaf224700            Options.table_factory: BlockBasedTable
2019/11/14-17:34:34.494822 7efdaf224700            table_factory options:   flush_block_policy_factory: FlushBlockBySizePolicyFactory (0x7efd9c0033b0)
  cache_index_and_filter_blocks: 0
  cache_index_and_filter_blocks_with_high_priority: 0
  pin_l0_filter_and_index_blocks_in_cache: 0
  pin_top_level_index_and_filter: 1
  index_type: 0
  hash_index_allow_collision: 1
  checksum: 1
  no_block_cache: 0
  block_cache: 0x7efd9c003400
  block_cache_name: LRUCache
  block_cache_options:
    capacity : 8388608
    num_shard_bits : 4
    strict_capacity_limit : 0
    memory_allocator : None
    high_pri_pool_ratio: 0.000
  block_cache_compressed: (nil)
  persistent_cache: (nil)
  block_size: 4096
  block_size_deviation: 10
  block_restart_interval: 16
  index_block_restart_interval: 1
  metadata_block_size: 4096
  partition_filters: 0
  use_delta_encoding: 1
  filter_policy: nullptr
  whole_key_filtering: 1
  verify_compression: 0
  read_amp_bytes_per_bit: 0
  format_version: 2
  enable_index_compression: 1
  block_align: 0
2019/11/14-17:34:34.494826 7efdaf224700        Options.write_buffer_size: 67108864
2019/11/14-17:34:34.494829 7efdaf224700  Options.max_write_buffer_number: 2
2019/11/14-17:34:34.494831 7efdaf224700          Options.compression: Snappy
2019/11/14-17:34:34.494832 7efdaf224700                  Options.bottommost_compression: Disabled
2019/11/14-17:34:34.494834 7efdaf224700       Options.prefix_extractor: nullptr
2019/11/14-17:34:34.494836 7efdaf224700   Options.memtable_insert_with_hint_prefix_extractor: nullptr
2019/11/14-17:34:34.494837 7efdaf224700             Options.num_levels: 7
2019/11/14-17:34:34.494839 7efdaf224700        Options.min_write_buffer_number_to_merge: 1
2019/11/14-17:34:34.494841 7efdaf224700     Options.max_write_buffer_number_to_maintain: 0
2019/11/14-17:34:34.494843 7efdaf224700            Options.bottommost_compression_opts.window_bits: -14
2019/11/14-17:34:34.494844 7efdaf224700                  Options.bottommost_compression_opts.level: 32767
2019/11/14-17:34:34.494846 7efdaf224700               Options.bottommost_compression_opts.strategy: 0
2019/11/14-17:34:34.494855 7efdaf224700         Options.bottommost_compression_opts.max_dict_bytes: 0
2019/11/14-17:34:34.494856 7efdaf224700         Options.bottommost_compression_opts.zstd_max_train_bytes: 0
2019/11/14-17:34:34.494858 7efdaf224700                  Options.bottommost_compression_opts.enabled: false
2019/11/14-17:34:34.494859 7efdaf224700            Options.compression_opts.window_bits: -14
2019/11/14-17:34:34.494862 7efdaf224700                  Options.compression_opts.level: 32767
2019/11/14-17:34:34.494863 7efdaf224700               Options.compression_opts.strategy: 0
2019/11/14-17:34:34.494866 7efdaf224700         Options.compression_opts.max_dict_bytes: 0
2019/11/14-17:34:34.494867 7efdaf224700         Options.compression_opts.zstd_max_train_bytes: 0
2019/11/14-17:34:34.494870 7efdaf224700                  Options.compression_opts.enabled: false
2019/11/14-17:34:34.494871 7efdaf224700      Options.level0_file_num_compaction_trigger: 4
2019/11/14-17:34:34.494873 7efdaf224700          Options.level0_slowdown_writes_trigger: 20
2019/11/14-17:34:34.494874 7efdaf224700              Options.level0_stop_writes_trigger: 36
2019/11/14-17:34:34.494875 7efdaf224700                   Options.target_file_size_base: 67108864
2019/11/14-17:34:34.494878 7efdaf224700             Options.target_file_size_multiplier: 1
2019/11/14-17:34:34.494896 7efdaf224700                Options.max_bytes_for_level_base: 268435456
2019/11/14-17:34:34.494898 7efdaf224700 Options.level_compaction_dynamic_level_bytes: 0
2019/11/14-17:34:34.494899 7efdaf224700          Options.max_bytes_for_level_multiplier: 10.000000
2019/11/14-17:34:34.494902 7efdaf224700 Options.max_bytes_for_level_multiplier_addtl[0]: 1
2019/11/14-17:34:34.494908 7efdaf224700 Options.max_bytes_for_level_multiplier_addtl[1]: 1
2019/11/14-17:34:34.494909 7efdaf224700 Options.max_bytes_for_level_multiplier_addtl[2]: 1
2019/11/14-17:34:34.494911 7efdaf224700 Options.max_bytes_for_level_multiplier_addtl[3]: 1
2019/11/14-17:34:34.494914 7efdaf224700 Options.max_bytes_for_level_multiplier_addtl[4]: 1
2019/11/14-17:34:34.494917 7efdaf224700 Options.max_bytes_for_level_multiplier_addtl[5]: 1
2019/11/14-17:34:34.494922 7efdaf224700 Options.max_bytes_for_level_multiplier_addtl[6]: 1
2019/11/14-17:34:34.494924 7efdaf224700       Options.max_sequential_skip_in_iterations: 8
2019/11/14-17:34:34.494926 7efdaf224700                    Options.max_compaction_bytes: 1677721600
2019/11/14-17:34:34.494928 7efdaf224700                        Options.arena_block_size: 8388608
2019/11/14-17:34:34.494929 7efdaf224700   Options.soft_pending_compaction_bytes_limit: 68719476736
2019/11/14-17:34:34.494932 7efdaf224700   Options.hard_pending_compaction_bytes_limit: 274877906944
2019/11/14-17:34:34.494933 7efdaf224700       Options.rate_limit_delay_max_milliseconds: 100
2019/11/14-17:34:34.494936 7efdaf224700                Options.disable_auto_compactions: 0
2019/11/14-17:34:34.494939 7efdaf224700                        Options.compaction_style: kCompactionStyleLevel
2019/11/14-17:34:34.494941 7efdaf224700                          Options.compaction_pri: kByCompensatedSize
2019/11/14-17:34:34.494945 7efdaf224700 Options.compaction_options_universal.size_ratio: 1
2019/11/14-17:34:34.494949 7efdaf224700 Options.compaction_options_universal.min_merge_width: 2
2019/11/14-17:34:34.495007 7efdaf224700 Options.compaction_options_universal.max_merge_width: 4294967295
2019/11/14-17:34:34.495009 7efdaf224700 Options.compaction_options_universal.max_size_amplification_percent: 200
2019/11/14-17:34:34.495010 7efdaf224700 Options.compaction_options_universal.compression_size_percent: -1
2019/11/14-17:34:34.495012 7efdaf224700 Options.compaction_options_universal.stop_style: kCompactionStopStyleTotalSize
2019/11/14-17:34:34.495013 7efdaf224700 Options.compaction_options_fifo.max_table_files_size: 1073741824
2019/11/14-17:34:34.495016 7efdaf224700 Options.compaction_options_fifo.allow_compaction: 0
2019/11/14-17:34:34.495017 7efdaf224700 Options.compaction_options_fifo.ttl: 0
2019/11/14-17:34:34.495018 7efdaf224700                   Options.table_properties_collectors: 
2019/11/14-17:34:34.495020 7efdaf224700                   Options.inplace_update_support: 0
2019/11/14-17:34:34.495022 7efdaf224700                 Options.inplace_update_num_locks: 10000
2019/11/14-17:34:34.495027 7efdaf224700               Options.memtable_prefix_bloom_size_ratio: 0.000000
2019/11/14-17:34:34.495029 7efdaf224700   Options.memtable_huge_page_size: 0
2019/11/14-17:34:34.495031 7efdaf224700                           Options.bloom_locality: 0
2019/11/14-17:34:34.495041 7efdaf224700                    Options.max_successive_merges: 0
2019/11/14-17:34:34.495043 7efdaf224700                Options.optimize_filters_for_hits: 0
2019/11/14-17:34:34.495044 7efdaf224700                Options.paranoid_file_checks: 0
2019/11/14-17:34:34.495046 7efdaf224700                Options.force_consistency_checks: 0
2019/11/14-17:34:34.495047 7efdaf224700                Options.report_bg_io_stats: 0
2019/11/14-17:34:34.495050 7efdaf224700                               Options.ttl: 0
2019/11/14-17:34:34.495099 7efdaf224700 [db/db_impl.cc:1606] Created column family [contracts] (ID 7)
2019/11/14-17:34:34.716205 7efdaf224700 [db/db_impl_open.cc:1314] DB pointer 0x7efd9c0078a0
2019/11/14-17:34:34.716615 7efd727d4700 [WARN] [db/db_impl.cc:669] ------- DUMPING STATS -------
2019/11/14-17:34:34.716658 7efd727d4700 [WARN] [db/db_impl.cc:670] 
** DB Stats **
Uptime(secs): 0.5 total, 0.5 interval
Cumulative writes: 2 writes, 2 keys, 2 commit groups, 0.7 writes per commit group, ingest: 0.00 GB, 0.00 MB/s
Cumulative WAL: 2 writes, 0 syncs, 2.00 writes per sync, written: 0.00 GB, 0.00 MB/s
Cumulative stall: 00:00:0.000 H:M:S, 0.0 percent
Interval writes: 2 writes, 2 keys, 2 commit groups, 0.7 writes per commit group, ingest: 0.00 MB, 0.00 MB/s
Interval WAL: 2 writes, 0 syncs, 2.00 writes per sync, written: 0.00 MB, 0.00 MB/s
Interval stall: 00:00:0.000 H:M:S, 0.0 percent

** Compaction Stats [default] **
Level    Files   Size     Score Read(GB)  Rn(GB) Rnp1(GB) Write(GB) Wnew(GB) Moved(GB) W-Amp Rd(MB/s) Wr(MB/s) Comp(sec) Comp(cnt) Avg(sec) KeyIn KeyDrop
----------------------------------------------------------------------------------------------------------------------------------------------------------
 Sum      0/0    0.00 KB   0.0      0.0     0.0      0.0       0.0      0.0       0.0   0.0      0.0      0.0         0         0    0.000       0      0
 Int      0/0    0.00 KB   0.0      0.0     0.0      0.0       0.0      0.0       0.0   0.0      0.0      0.0         0         0    0.000       0      0
Uptime(secs): 0.5 total, 0.5 interval
Flush(GB): cumulative 0.000, interval 0.000
AddFile(GB): cumulative 0.000, interval 0.000
AddFile(Total Files): cumulative 0, interval 0
AddFile(L0 Files): cumulative 0, interval 0
AddFile(Keys): cumulative 0, interval 0
Cumulative compaction: 0.00 GB write, 0.00 MB/s write, 0.00 GB read, 0.00 MB/s read, 0.0 seconds
Interval compaction: 0.00 GB write, 0.00 MB/s write, 0.00 GB read, 0.00 MB/s read, 0.0 seconds
Stalls(count): 0 level0_slowdown, 0 level0_slowdown_with_compaction, 0 level0_numfiles, 0 level0_numfiles_with_compaction, 0 stop for pending_compaction_bytes, 0 slowdown for pending_compaction_bytes, 0 memtable_compaction, 0 memtable_slowdown, interval 0 total count

** File Read Latency Histogram By Level [default] **

** Compaction Stats [contracts] **
Level    Files   Size     Score Read(GB)  Rn(GB) Rnp1(GB) Write(GB) Wnew(GB) Moved(GB) W-Amp Rd(MB/s) Wr(MB/s) Comp(sec) Comp(cnt) Avg(sec) KeyIn KeyDrop
----------------------------------------------------------------------------------------------------------------------------------------------------------
 Sum      0/0    0.00 KB   0.0      0.0     0.0      0.0       0.0      0.0       0.0   0.0      0.0      0.0         0         0    0.000       0      0
 Int      0/0    0.00 KB   0.0      0.0     0.0      0.0       0.0      0.0       0.0   0.0      0.0      0.0         0         0    0.000       0      0
Uptime(secs): 0.2 total, 0.2 interval
Flush(GB): cumulative 0.000, interval 0.000
AddFile(GB): cumulative 0.000, interval 0.000
AddFile(Total Files): cumulative 0, interval 0
AddFile(L0 Files): cumulative 0, interval 0
AddFile(Keys): cumulative 0, interval 0
Cumulative compaction: 0.00 GB write, 0.00 MB/s write, 0.00 GB read, 0.00 MB/s read, 0.0 seconds
Interval compaction: 0.00 GB write, 0.00 MB/s write, 0.00 GB read, 0.00 MB/s read, 0.0 seconds
Stalls(count): 0 level0_slowdown, 0 level0_slowdown_with_compaction, 0 level0_numfiles, 0 level0_numfiles_with_compaction, 0 stop for pending_compaction_bytes, 0 slowdown for pending_compaction_bytes, 0 memtable_compaction, 0 memtable_slowdown, interval 0 total count

** File Read Latency Histogram By Level [contracts] **

** Compaction Stats [default] **
Level    Files   Size     Score Read(GB)  Rn(GB) Rnp1(GB) Write(GB) Wnew(GB) Moved(GB) W-Amp Rd(MB/s) Wr(MB/s) Comp(sec) Comp(cnt) Avg(sec) KeyIn KeyDrop
----------------------------------------------------------------------------------------------------------------------------------------------------------
 Sum      0/0    0.00 KB   0.0      0.0     0.0      0.0       0.0      0.0       0.0   0.0      0.0      0.0         0         0    0.000       0      0
 Int      0/0    0.00 KB   0.0      0.0     0.0      0.0       0.0      0.0       0.0   0.0      0.0      0.0         0         0    0.000       0      0
Uptime(secs): 0.5 total, 0.0 interval
Flush(GB): cumulative 0.000, interval 0.000
AddFile(GB): cumulative 0.000, interval 0.000
AddFile(Total Files): cumulative 0, interval 0
AddFile(L0 Files): cumulative 0, interval 0
AddFile(Keys): cumulative 0, interval 0
Cumulative compaction: 0.00 GB write, 0.00 MB/s write, 0.00 GB read, 0.00 MB/s read, 0.0 seconds
Interval compaction: 0.00 GB write, 0.00 MB/s write, 0.00 GB read, 0.00 MB/s read, 0.0 seconds
Stalls(count): 0 level0_slowdown, 0 level0_slowdown_with_compaction, 0 level0_numfiles, 0 level0_numfiles_with_compaction, 0 stop for pending_compaction_bytes, 0 slowdown for pending_compaction_bytes, 0 memtable_compaction, 0 memtable_slowdown, interval 0 total count

** File Read Latency Histogram By Level [default] **

** Compaction Stats [contracts] **
Level    Files   Size     Score Read(GB)  Rn(GB) Rnp1(GB) Write(GB) Wnew(GB) Moved(GB) W-Amp Rd(MB/s) Wr(MB/s) Comp(sec) Comp(cnt) Avg(sec) KeyIn KeyDrop
----------------------------------------------------------------------------------------------------------------------------------------------------------
 Sum      0/0    0.00 KB   0.0      0.0     0.0      0.0       0.0      0.0       0.0   0.0      0.0      0.0         0         0    0.000       0      0
 Int      0/0    0.00 KB   0.0      0.0     0.0      0.0       0.0      0.0       0.0   0.0      0.0      0.0         0         0    0.000       0      0
Uptime(secs): 0.2 total, 0.0 interval
Flush(GB): cumulative 0.000, interval 0.000
AddFile(GB): cumulative 0.000, interval 0.000
AddFile(Total Files): cumulative 0, interval 0
AddFile(L0 Files): cumulative 0, interval 0
AddFile(Keys): cumulative 0, interval 0
Cumulative compaction: 0.00 GB write, 0.00 MB/s write, 0.00 GB read, 0.00 MB/s read, 0.0 seconds
Interval compaction: 0.00 GB write, 0.00 MB/s write, 0.00 GB read, 0.00 MB/s read, 0.0 seconds
Stalls(count): 0 level0_slowdown, 0 level0_slowdown_with_compaction, 0 level0_numfiles, 0 level0_numfiles_with_compaction, 0 stop for pending_compaction_bytes, 0 slowdown for pending_compaction_bytes, 0 memtable_compaction, 0 memtable_slowdown, interval 0 total count

** File Read Latency Histogram By Level [contracts] **
2019/11/14-17:34:34.829427 7efdaf224700 [db/db_impl.cc:1709] Dropped column family with id 7
2019/11/14-17:34:34.954848 7efdaf224700 [db/db_impl.cc:388] Shutdown: canceling all background work
2019/11/14-17:34:34.955181 7efdaf224700 [db/db_impl.cc:562] Shutdown complete
