2019/11/26-11:21:41.471289 7fb9b96df700 RocksDB version: 5.18.3
2019/11/26-11:21:41.471307 7fb9b96df700 Git sha rocksdb_build_git_sha:2b38e2dd6602a17a2010308580fd5d8c91dea650
2019/11/26-11:21:41.471309 7fb9b96df700 Compile date Oct 28 2019
2019/11/26-11:21:41.471312 7fb9b96df700 DB SUMMARY
2019/11/26-11:21:41.471359 7fb9b96df700 CURRENT file:  CURRENT
2019/11/26-11:21:41.471363 7fb9b96df700 IDENTITY file:  IDENTITY
2019/11/26-11:21:41.471369 7fb9b96df700 MANIFEST file:  MANIFEST-000004 size: 103 Bytes
2019/11/26-11:21:41.471374 7fb9b96df700 MANIFEST file:  MANIFEST-000006 size: 124 Bytes
2019/11/26-11:21:41.471378 7fb9b96df700 SST files in test-contractsdb dir, Total Num: 0, files: 
2019/11/26-11:21:41.471381 7fb9b96df700 Write Ahead Log file in test-contractsdb: 000003.log size: 0 ; 
2019/11/26-11:21:41.471384 7fb9b96df700                         Options.error_if_exists: 0
2019/11/26-11:21:41.471386 7fb9b96df700                       Options.create_if_missing: 1
2019/11/26-11:21:41.471388 7fb9b96df700                         Options.paranoid_checks: 1
2019/11/26-11:21:41.471390 7fb9b96df700                                     Options.env: 0x562f99e5e9a0
2019/11/26-11:21:41.471392 7fb9b96df700                                Options.info_log: 0x7fb9ac07fee0
2019/11/26-11:21:41.471394 7fb9b96df700                Options.max_file_opening_threads: 16
2019/11/26-11:21:41.471396 7fb9b96df700                              Options.statistics: (nil)
2019/11/26-11:21:41.471414 7fb9b96df700                               Options.use_fsync: 0
2019/11/26-11:21:41.471416 7fb9b96df700                       Options.max_log_file_size: 0
2019/11/26-11:21:41.471675 7fb9b96df700                  Options.max_manifest_file_size: 1073741824
2019/11/26-11:21:41.471678 7fb9b96df700                   Options.log_file_time_to_roll: 0
2019/11/26-11:21:41.471682 7fb9b96df700                       Options.keep_log_file_num: 1000
2019/11/26-11:21:41.471686 7fb9b96df700                    Options.recycle_log_file_num: 0
2019/11/26-11:21:41.471688 7fb9b96df700                         Options.allow_fallocate: 1
2019/11/26-11:21:41.471689 7fb9b96df700                        Options.allow_mmap_reads: 0
2019/11/26-11:21:41.471691 7fb9b96df700                       Options.allow_mmap_writes: 0
2019/11/26-11:21:41.471693 7fb9b96df700                        Options.use_direct_reads: 0
2019/11/26-11:21:41.471695 7fb9b96df700                        Options.use_direct_io_for_flush_and_compaction: 0
2019/11/26-11:21:41.471696 7fb9b96df700          Options.create_missing_column_families: 1
2019/11/26-11:21:41.471698 7fb9b96df700                              Options.db_log_dir: 
2019/11/26-11:21:41.471700 7fb9b96df700                                 Options.wal_dir: test-contractsdb
2019/11/26-11:21:41.471702 7fb9b96df700                Options.table_cache_numshardbits: 6
2019/11/26-11:21:41.471703 7fb9b96df700                      Options.max_subcompactions: 1
2019/11/26-11:21:41.471705 7fb9b96df700                  Options.max_background_flushes: -1
2019/11/26-11:21:41.471707 7fb9b96df700                         Options.WAL_ttl_seconds: 0
2019/11/26-11:21:41.471709 7fb9b96df700                       Options.WAL_size_limit_MB: 0
2019/11/26-11:21:41.471711 7fb9b96df700             Options.manifest_preallocation_size: 4194304
2019/11/26-11:21:41.471712 7fb9b96df700                     Options.is_fd_close_on_exec: 1
2019/11/26-11:21:41.471714 7fb9b96df700                   Options.advise_random_on_open: 1
2019/11/26-11:21:41.471716 7fb9b96df700                    Options.db_write_buffer_size: 0
2019/11/26-11:21:41.471718 7fb9b96df700                    Options.write_buffer_manager: 0x7fb9ac0d5ca0
2019/11/26-11:21:41.471720 7fb9b96df700         Options.access_hint_on_compaction_start: 1
2019/11/26-11:21:41.471721 7fb9b96df700  Options.new_table_reader_for_compaction_inputs: 0
2019/11/26-11:21:41.471723 7fb9b96df700           Options.random_access_max_buffer_size: 1048576
2019/11/26-11:21:41.471725 7fb9b96df700                      Options.use_adaptive_mutex: 0
2019/11/26-11:21:41.471727 7fb9b96df700                            Options.rate_limiter: (nil)
2019/11/26-11:21:41.471739 7fb9b96df700     Options.sst_file_manager.rate_bytes_per_sec: 0
2019/11/26-11:21:41.471741 7fb9b96df700                       Options.wal_recovery_mode: 2
2019/11/26-11:21:41.471743 7fb9b96df700                  Options.enable_thread_tracking: 0
2019/11/26-11:21:41.471745 7fb9b96df700                  Options.enable_pipelined_write: 0
2019/11/26-11:21:41.471747 7fb9b96df700         Options.allow_concurrent_memtable_write: 1
2019/11/26-11:21:41.471748 7fb9b96df700      Options.enable_write_thread_adaptive_yield: 1
2019/11/26-11:21:41.471750 7fb9b96df700             Options.write_thread_max_yield_usec: 100
2019/11/26-11:21:41.471752 7fb9b96df700            Options.write_thread_slow_yield_usec: 3
2019/11/26-11:21:41.471754 7fb9b96df700                               Options.row_cache: None
2019/11/26-11:21:41.471755 7fb9b96df700                              Options.wal_filter: None
2019/11/26-11:21:41.471757 7fb9b96df700             Options.avoid_flush_during_recovery: 0
2019/11/26-11:21:41.471759 7fb9b96df700             Options.allow_ingest_behind: 0
2019/11/26-11:21:41.471761 7fb9b96df700             Options.preserve_deletes: 0
2019/11/26-11:21:41.471763 7fb9b96df700             Options.two_write_queues: 0
2019/11/26-11:21:41.471764 7fb9b96df700             Options.manual_wal_flush: 0
2019/11/26-11:21:41.471766 7fb9b96df700             Options.max_background_jobs: 2
2019/11/26-11:21:41.471768 7fb9b96df700             Options.max_background_compactions: -1
2019/11/26-11:21:41.471770 7fb9b96df700             Options.avoid_flush_during_shutdown: 0
2019/11/26-11:21:41.471771 7fb9b96df700           Options.writable_file_max_buffer_size: 1048576
2019/11/26-11:21:41.471773 7fb9b96df700             Options.delayed_write_rate : 16777216
2019/11/26-11:21:41.471775 7fb9b96df700             Options.max_total_wal_size: 0
2019/11/26-11:21:41.471777 7fb9b96df700             Options.delete_obsolete_files_period_micros: 21600000000
2019/11/26-11:21:41.471779 7fb9b96df700                   Options.stats_dump_period_sec: 600
2019/11/26-11:21:41.471781 7fb9b96df700                          Options.max_open_files: -1
2019/11/26-11:21:41.471782 7fb9b96df700                          Options.bytes_per_sync: 0
2019/11/26-11:21:41.471784 7fb9b96df700                      Options.wal_bytes_per_sync: 0
2019/11/26-11:21:41.471786 7fb9b96df700       Options.compaction_readahead_size: 0
2019/11/26-11:21:41.471788 7fb9b96df700 Compression algorithms supported:
2019/11/26-11:21:41.471790 7fb9b96df700 	kZSTDNotFinalCompression supported: 1
2019/11/26-11:21:41.471792 7fb9b96df700 	kZSTD supported: 1
2019/11/26-11:21:41.471794 7fb9b96df700 	kXpressCompression supported: 0
2019/11/26-11:21:41.471796 7fb9b96df700 	kLZ4HCCompression supported: 1
2019/11/26-11:21:41.471798 7fb9b96df700 	kLZ4Compression supported: 1
2019/11/26-11:21:41.471800 7fb9b96df700 	kBZip2Compression supported: 1
2019/11/26-11:21:41.471802 7fb9b96df700 	kZlibCompression supported: 1
2019/11/26-11:21:41.471804 7fb9b96df700 	kSnappyCompression supported: 1
2019/11/26-11:21:41.471808 7fb9b96df700 Fast CRC32 supported: Supported on x86
2019/11/26-11:21:41.471838 7fb9b96df700 [db/db_impl.cc:388] Shutdown: canceling all background work
2019/11/26-11:21:41.471885 7fb9b96df700 [db/db_impl.cc:562] Shutdown complete
