2019/11/26-11:21:42.194824 7fb9b9ae1700 RocksDB version: 5.18.3
2019/11/26-11:21:42.194848 7fb9b9ae1700 Git sha rocksdb_build_git_sha:2b38e2dd6602a17a2010308580fd5d8c91dea650
2019/11/26-11:21:42.194851 7fb9b9ae1700 Compile date Oct 28 2019
2019/11/26-11:21:42.194854 7fb9b9ae1700 DB SUMMARY
2019/11/26-11:21:42.194896 7fb9b9ae1700 CURRENT file:  CURRENT
2019/11/26-11:21:42.194899 7fb9b9ae1700 IDENTITY file:  IDENTITY
2019/11/26-11:21:42.194905 7fb9b9ae1700 MANIFEST file:  MANIFEST-000006 size: 142 Bytes
2019/11/26-11:21:42.194910 7fb9b9ae1700 SST files in test-contractsdb dir, Total Num: 0, files: 
2019/11/26-11:21:42.194913 7fb9b9ae1700 Write Ahead Log file in test-contractsdb: 000007.log size: 0 ; 
2019/11/26-11:21:42.194915 7fb9b9ae1700                         Options.error_if_exists: 0
2019/11/26-11:21:42.194917 7fb9b9ae1700                       Options.create_if_missing: 1
2019/11/26-11:21:42.194919 7fb9b9ae1700                         Options.paranoid_checks: 1
2019/11/26-11:21:42.194921 7fb9b9ae1700                                     Options.env: 0x562f99e5e9a0
2019/11/26-11:21:42.194923 7fb9b9ae1700                                Options.info_log: 0x7fb9b004a270
2019/11/26-11:21:42.194925 7fb9b9ae1700                Options.max_file_opening_threads: 16
2019/11/26-11:21:42.194927 7fb9b9ae1700                              Options.statistics: (nil)
2019/11/26-11:21:42.194929 7fb9b9ae1700                               Options.use_fsync: 0
2019/11/26-11:21:42.194931 7fb9b9ae1700                       Options.max_log_file_size: 0
2019/11/26-11:21:42.194933 7fb9b9ae1700                  Options.max_manifest_file_size: 1073741824
2019/11/26-11:21:42.194935 7fb9b9ae1700                   Options.log_file_time_to_roll: 0
2019/11/26-11:21:42.194937 7fb9b9ae1700                       Options.keep_log_file_num: 1000
2019/11/26-11:21:42.194938 7fb9b9ae1700                    Options.recycle_log_file_num: 0
2019/11/26-11:21:42.194940 7fb9b9ae1700                         Options.allow_fallocate: 1
2019/11/26-11:21:42.194942 7fb9b9ae1700                        Options.allow_mmap_reads: 0
2019/11/26-11:21:42.194944 7fb9b9ae1700                       Options.allow_mmap_writes: 0
2019/11/26-11:21:42.194946 7fb9b9ae1700                        Options.use_direct_reads: 0
2019/11/26-11:21:42.194948 7fb9b9ae1700                        Options.use_direct_io_for_flush_and_compaction: 0
2019/11/26-11:21:42.194949 7fb9b9ae1700          Options.create_missing_column_families: 1
2019/11/26-11:21:42.194951 7fb9b9ae1700                              Options.db_log_dir: 
2019/11/26-11:21:42.194953 7fb9b9ae1700                                 Options.wal_dir: test-contractsdb
2019/11/26-11:21:42.194955 7fb9b9ae1700                Options.table_cache_numshardbits: 6
2019/11/26-11:21:42.194957 7fb9b9ae1700                      Options.max_subcompactions: 1
2019/11/26-11:21:42.194959 7fb9b9ae1700                  Options.max_background_flushes: -1
2019/11/26-11:21:42.194961 7fb9b9ae1700                         Options.WAL_ttl_seconds: 0
2019/11/26-11:21:42.194963 7fb9b9ae1700                       Options.WAL_size_limit_MB: 0
2019/11/26-11:21:42.194965 7fb9b9ae1700             Options.manifest_preallocation_size: 4194304
2019/11/26-11:21:42.194967 7fb9b9ae1700                     Options.is_fd_close_on_exec: 1
2019/11/26-11:21:42.194969 7fb9b9ae1700                   Options.advise_random_on_open: 1
2019/11/26-11:21:42.194971 7fb9b9ae1700                    Options.db_write_buffer_size: 0
2019/11/26-11:21:42.194972 7fb9b9ae1700                    Options.write_buffer_manager: 0x7fb9b0049de0
2019/11/26-11:21:42.194974 7fb9b9ae1700         Options.access_hint_on_compaction_start: 1
2019/11/26-11:21:42.194976 7fb9b9ae1700  Options.new_table_reader_for_compaction_inputs: 0
2019/11/26-11:21:42.194990 7fb9b9ae1700           Options.random_access_max_buffer_size: 1048576
2019/11/26-11:21:42.194992 7fb9b9ae1700                      Options.use_adaptive_mutex: 0
2019/11/26-11:21:42.194994 7fb9b9ae1700                            Options.rate_limiter: (nil)
2019/11/26-11:21:42.194996 7fb9b9ae1700     Options.sst_file_manager.rate_bytes_per_sec: 0
2019/11/26-11:21:42.195012 7fb9b9ae1700                       Options.wal_recovery_mode: 2
2019/11/26-11:21:42.195014 7fb9b9ae1700                  Options.enable_thread_tracking: 0
2019/11/26-11:21:42.195016 7fb9b9ae1700                  Options.enable_pipelined_write: 0
2019/11/26-11:21:42.195018 7fb9b9ae1700         Options.allow_concurrent_memtable_write: 1
2019/11/26-11:21:42.195020 7fb9b9ae1700      Options.enable_write_thread_adaptive_yield: 1
2019/11/26-11:21:42.195022 7fb9b9ae1700             Options.write_thread_max_yield_usec: 100
2019/11/26-11:21:42.195024 7fb9b9ae1700            Options.write_thread_slow_yield_usec: 3
2019/11/26-11:21:42.195025 7fb9b9ae1700                               Options.row_cache: None
2019/11/26-11:21:42.195027 7fb9b9ae1700                              Options.wal_filter: None
2019/11/26-11:21:42.195029 7fb9b9ae1700             Options.avoid_flush_during_recovery: 0
2019/11/26-11:21:42.195031 7fb9b9ae1700             Options.allow_ingest_behind: 0
2019/11/26-11:21:42.195033 7fb9b9ae1700             Options.preserve_deletes: 0
2019/11/26-11:21:42.195035 7fb9b9ae1700             Options.two_write_queues: 0
2019/11/26-11:21:42.195037 7fb9b9ae1700             Options.manual_wal_flush: 0
2019/11/26-11:21:42.195039 7fb9b9ae1700             Options.max_background_jobs: 2
2019/11/26-11:21:42.195040 7fb9b9ae1700             Options.max_background_compactions: -1
2019/11/26-11:21:42.195042 7fb9b9ae1700             Options.avoid_flush_during_shutdown: 0
2019/11/26-11:21:42.195044 7fb9b9ae1700           Options.writable_file_max_buffer_size: 1048576
2019/11/26-11:21:42.195046 7fb9b9ae1700             Options.delayed_write_rate : 16777216
2019/11/26-11:21:42.195048 7fb9b9ae1700             Options.max_total_wal_size: 0
2019/11/26-11:21:42.195050 7fb9b9ae1700             Options.delete_obsolete_files_period_micros: 21600000000
2019/11/26-11:21:42.195052 7fb9b9ae1700                   Options.stats_dump_period_sec: 600
2019/11/26-11:21:42.195054 7fb9b9ae1700                          Options.max_open_files: -1
2019/11/26-11:21:42.195056 7fb9b9ae1700                          Options.bytes_per_sync: 0
2019/11/26-11:21:42.195057 7fb9b9ae1700                      Options.wal_bytes_per_sync: 0
2019/11/26-11:21:42.195059 7fb9b9ae1700       Options.compaction_readahead_size: 0
2019/11/26-11:21:42.195061 7fb9b9ae1700 Compression algorithms supported:
2019/11/26-11:21:42.195063 7fb9b9ae1700 	kZSTDNotFinalCompression supported: 1
2019/11/26-11:21:42.195066 7fb9b9ae1700 	kZSTD supported: 1
2019/11/26-11:21:42.195068 7fb9b9ae1700 	kXpressCompression supported: 0
2019/11/26-11:21:42.195070 7fb9b9ae1700 	kLZ4HCCompression supported: 1
2019/11/26-11:21:42.195072 7fb9b9ae1700 	kLZ4Compression supported: 1
2019/11/26-11:21:42.195074 7fb9b9ae1700 	kBZip2Compression supported: 1
2019/11/26-11:21:42.195076 7fb9b9ae1700 	kZlibCompression supported: 1
2019/11/26-11:21:42.195078 7fb9b9ae1700 	kSnappyCompression supported: 1
2019/11/26-11:21:42.195082 7fb9b9ae1700 Fast CRC32 supported: Supported on x86
2019/11/26-11:21:42.195290 7fb9b9ae1700 [db/version_set.cc:3508] Recovering from manifest file: MANIFEST-000006
2019/11/26-11:21:42.195437 7fb9b9ae1700 [db/column_family.cc:474] --------------- Options for column family [default]:
2019/11/26-11:21:42.195441 7fb9b9ae1700               Options.comparator: leveldb.BytewiseComparator
2019/11/26-11:21:42.195443 7fb9b9ae1700           Options.merge_operator: None
2019/11/26-11:21:42.195445 7fb9b9ae1700        Options.compaction_filter: None
2019/11/26-11:21:42.195447 7fb9b9ae1700        Options.compaction_filter_factory: None
2019/11/26-11:21:42.195449 7fb9b9ae1700         Options.memtable_factory: SkipListFactory
2019/11/26-11:21:42.195450 7fb9b9ae1700            Options.table_factory: BlockBasedTable
2019/11/26-11:21:42.195473 7fb9b9ae1700            table_factory options:   flush_block_policy_factory: FlushBlockBySizePolicyFactory (0x7fb9b00661d0)
  cache_index_and_filter_blocks: 0
  cache_index_and_filter_blocks_with_high_priority: 0
  pin_l0_filter_and_index_blocks_in_cache: 0
  pin_top_level_index_and_filter: 1
  index_type: 0
  hash_index_allow_collision: 1
  checksum: 1
  no_block_cache: 0
  block_cache: 0x7fb9b0091ce0
  block_cache_name: LRUCache
  block_cache_options:
    capacity : 8388608
    num_shard_bits : 4
    strict_capacity_limit : 0
    memory_allocator : None
    high_pri_pool_ratio: 0.000
  block_cache_compressed: (nil)
  persistent_cache: (nil)
  block_size: 4096
  block_size_deviation: 10
  block_restart_interval: 16
  index_block_restart_interval: 1
  metadata_block_size: 4096
  partition_filters: 0
  use_delta_encoding: 1
  filter_policy: nullptr
  whole_key_filtering: 1
  verify_compression: 0
  read_amp_bytes_per_bit: 0
  format_version: 2
  enable_index_compression: 1
  block_align: 0
2019/11/26-11:21:42.195489 7fb9b9ae1700        Options.write_buffer_size: 67108864
2019/11/26-11:21:42.195491 7fb9b9ae1700  Options.max_write_buffer_number: 2
2019/11/26-11:21:42.195494 7fb9b9ae1700          Options.compression: Snappy
2019/11/26-11:21:42.195496 7fb9b9ae1700                  Options.bottommost_compression: Disabled
2019/11/26-11:21:42.195498 7fb9b9ae1700       Options.prefix_extractor: nullptr
2019/11/26-11:21:42.195499 7fb9b9ae1700   Options.memtable_insert_with_hint_prefix_extractor: nullptr
2019/11/26-11:21:42.195501 7fb9b9ae1700             Options.num_levels: 7
2019/11/26-11:21:42.195503 7fb9b9ae1700        Options.min_write_buffer_number_to_merge: 1
2019/11/26-11:21:42.195505 7fb9b9ae1700     Options.max_write_buffer_number_to_maintain: 0
2019/11/26-11:21:42.195507 7fb9b9ae1700            Options.bottommost_compression_opts.window_bits: -14
2019/11/26-11:21:42.195509 7fb9b9ae1700                  Options.bottommost_compression_opts.level: 32767
2019/11/26-11:21:42.195510 7fb9b9ae1700               Options.bottommost_compression_opts.strategy: 0
2019/11/26-11:21:42.195512 7fb9b9ae1700         Options.bottommost_compression_opts.max_dict_bytes: 0
2019/11/26-11:21:42.195514 7fb9b9ae1700         Options.bottommost_compression_opts.zstd_max_train_bytes: 0
2019/11/26-11:21:42.195516 7fb9b9ae1700                  Options.bottommost_compression_opts.enabled: false
2019/11/26-11:21:42.195518 7fb9b9ae1700            Options.compression_opts.window_bits: -14
2019/11/26-11:21:42.195520 7fb9b9ae1700                  Options.compression_opts.level: 32767
2019/11/26-11:21:42.195522 7fb9b9ae1700               Options.compression_opts.strategy: 0
2019/11/26-11:21:42.195524 7fb9b9ae1700         Options.compression_opts.max_dict_bytes: 0
2019/11/26-11:21:42.195525 7fb9b9ae1700         Options.compression_opts.zstd_max_train_bytes: 0
2019/11/26-11:21:42.195527 7fb9b9ae1700                  Options.compression_opts.enabled: false
2019/11/26-11:21:42.195529 7fb9b9ae1700      Options.level0_file_num_compaction_trigger: 4
2019/11/26-11:21:42.195540 7fb9b9ae1700          Options.level0_slowdown_writes_trigger: 20
2019/11/26-11:21:42.195542 7fb9b9ae1700              Options.level0_stop_writes_trigger: 36
2019/11/26-11:21:42.195543 7fb9b9ae1700                   Options.target_file_size_base: 67108864
2019/11/26-11:21:42.195545 7fb9b9ae1700             Options.target_file_size_multiplier: 1
2019/11/26-11:21:42.195547 7fb9b9ae1700                Options.max_bytes_for_level_base: 268435456
2019/11/26-11:21:42.195549 7fb9b9ae1700 Options.level_compaction_dynamic_level_bytes: 0
2019/11/26-11:21:42.195550 7fb9b9ae1700          Options.max_bytes_for_level_multiplier: 10.000000
2019/11/26-11:21:42.195554 7fb9b9ae1700 Options.max_bytes_for_level_multiplier_addtl[0]: 1
2019/11/26-11:21:42.195556 7fb9b9ae1700 Options.max_bytes_for_level_multiplier_addtl[1]: 1
2019/11/26-11:21:42.195558 7fb9b9ae1700 Options.max_bytes_for_level_multiplier_addtl[2]: 1
2019/11/26-11:21:42.195559 7fb9b9ae1700 Options.max_bytes_for_level_multiplier_addtl[3]: 1
2019/11/26-11:21:42.195561 7fb9b9ae1700 Options.max_bytes_for_level_multiplier_addtl[4]: 1
2019/11/26-11:21:42.195563 7fb9b9ae1700 Options.max_bytes_for_level_multiplier_addtl[5]: 1
2019/11/26-11:21:42.195565 7fb9b9ae1700 Options.max_bytes_for_level_multiplier_addtl[6]: 1
2019/11/26-11:21:42.195576 7fb9b9ae1700       Options.max_sequential_skip_in_iterations: 8
2019/11/26-11:21:42.195578 7fb9b9ae1700                    Options.max_compaction_bytes: 1677721600
2019/11/26-11:21:42.195580 7fb9b9ae1700                        Options.arena_block_size: 8388608
2019/11/26-11:21:42.195582 7fb9b9ae1700   Options.soft_pending_compaction_bytes_limit: 68719476736
2019/11/26-11:21:42.195584 7fb9b9ae1700   Options.hard_pending_compaction_bytes_limit: 274877906944
2019/11/26-11:21:42.195585 7fb9b9ae1700       Options.rate_limit_delay_max_milliseconds: 100
2019/11/26-11:21:42.195587 7fb9b9ae1700                Options.disable_auto_compactions: 0
2019/11/26-11:21:42.195590 7fb9b9ae1700                        Options.compaction_style: kCompactionStyleLevel
2019/11/26-11:21:42.195593 7fb9b9ae1700                          Options.compaction_pri: kByCompensatedSize
2019/11/26-11:21:42.195595 7fb9b9ae1700 Options.compaction_options_universal.size_ratio: 1
2019/11/26-11:21:42.195596 7fb9b9ae1700 Options.compaction_options_universal.min_merge_width: 2
2019/11/26-11:21:42.195598 7fb9b9ae1700 Options.compaction_options_universal.max_merge_width: 4294967295
2019/11/26-11:21:42.195600 7fb9b9ae1700 Options.compaction_options_universal.max_size_amplification_percent: 200
2019/11/26-11:21:42.195602 7fb9b9ae1700 Options.compaction_options_universal.compression_size_percent: -1
2019/11/26-11:21:42.195604 7fb9b9ae1700 Options.compaction_options_universal.stop_style: kCompactionStopStyleTotalSize
2019/11/26-11:21:42.195606 7fb9b9ae1700 Options.compaction_options_fifo.max_table_files_size: 1073741824
2019/11/26-11:21:42.195607 7fb9b9ae1700 Options.compaction_options_fifo.allow_compaction: 0
2019/11/26-11:21:42.195609 7fb9b9ae1700 Options.compaction_options_fifo.ttl: 0
2019/11/26-11:21:42.195611 7fb9b9ae1700                   Options.table_properties_collectors: 
2019/11/26-11:21:42.195613 7fb9b9ae1700                   Options.inplace_update_support: 0
2019/11/26-11:21:42.195615 7fb9b9ae1700                 Options.inplace_update_num_locks: 10000
2019/11/26-11:21:42.195617 7fb9b9ae1700               Options.memtable_prefix_bloom_size_ratio: 0.000000
2019/11/26-11:21:42.195619 7fb9b9ae1700   Options.memtable_huge_page_size: 0
2019/11/26-11:21:42.195621 7fb9b9ae1700                           Options.bloom_locality: 0
2019/11/26-11:21:42.195622 7fb9b9ae1700                    Options.max_successive_merges: 0
2019/11/26-11:21:42.195624 7fb9b9ae1700                Options.optimize_filters_for_hits: 0
2019/11/26-11:21:42.195626 7fb9b9ae1700                Options.paranoid_file_checks: 0
2019/11/26-11:21:42.195627 7fb9b9ae1700                Options.force_consistency_checks: 0
2019/11/26-11:21:42.195629 7fb9b9ae1700                Options.report_bg_io_stats: 0
2019/11/26-11:21:42.195631 7fb9b9ae1700                               Options.ttl: 0
2019/11/26-11:21:42.195778 7fb9b9ae1700 [db/column_family.cc:474] --------------- Options for column family [contracts]:
2019/11/26-11:21:42.195782 7fb9b9ae1700               Options.comparator: leveldb.BytewiseComparator
2019/11/26-11:21:42.195783 7fb9b9ae1700           Options.merge_operator: None
2019/11/26-11:21:42.195784 7fb9b9ae1700        Options.compaction_filter: None
2019/11/26-11:21:42.195785 7fb9b9ae1700        Options.compaction_filter_factory: None
2019/11/26-11:21:42.195786 7fb9b9ae1700         Options.memtable_factory: SkipListFactory
2019/11/26-11:21:42.195787 7fb9b9ae1700            Options.table_factory: BlockBasedTable
2019/11/26-11:21:42.195803 7fb9b9ae1700            table_factory options:   flush_block_policy_factory: FlushBlockBySizePolicyFactory (0x7fb9b00efee0)
  cache_index_and_filter_blocks: 0
  cache_index_and_filter_blocks_with_high_priority: 0
  pin_l0_filter_and_index_blocks_in_cache: 0
  pin_top_level_index_and_filter: 1
  index_type: 0
  hash_index_allow_collision: 1
  checksum: 1
  no_block_cache: 0
  block_cache: 0x7fb9b00986b0
  block_cache_name: LRUCache
  block_cache_options:
    capacity : 8388608
    num_shard_bits : 4
    strict_capacity_limit : 0
    memory_allocator : None
    high_pri_pool_ratio: 0.000
  block_cache_compressed: (nil)
  persistent_cache: (nil)
  block_size: 4096
  block_size_deviation: 10
  block_restart_interval: 16
  index_block_restart_interval: 1
  metadata_block_size: 4096
  partition_filters: 0
  use_delta_encoding: 1
  filter_policy: nullptr
  whole_key_filtering: 1
  verify_compression: 0
  read_amp_bytes_per_bit: 0
  format_version: 2
  enable_index_compression: 1
  block_align: 0
2019/11/26-11:21:42.195814 7fb9b9ae1700        Options.write_buffer_size: 67108864
2019/11/26-11:21:42.195815 7fb9b9ae1700  Options.max_write_buffer_number: 2
2019/11/26-11:21:42.195817 7fb9b9ae1700          Options.compression: Snappy
2019/11/26-11:21:42.195818 7fb9b9ae1700                  Options.bottommost_compression: Disabled
2019/11/26-11:21:42.195819 7fb9b9ae1700       Options.prefix_extractor: nullptr
2019/11/26-11:21:42.195820 7fb9b9ae1700   Options.memtable_insert_with_hint_prefix_extractor: nullptr
2019/11/26-11:21:42.195821 7fb9b9ae1700             Options.num_levels: 7
2019/11/26-11:21:42.195822 7fb9b9ae1700        Options.min_write_buffer_number_to_merge: 1
2019/11/26-11:21:42.195823 7fb9b9ae1700     Options.max_write_buffer_number_to_maintain: 0
2019/11/26-11:21:42.195824 7fb9b9ae1700            Options.bottommost_compression_opts.window_bits: -14
2019/11/26-11:21:42.195825 7fb9b9ae1700                  Options.bottommost_compression_opts.level: 32767
2019/11/26-11:21:42.195826 7fb9b9ae1700               Options.bottommost_compression_opts.strategy: 0
2019/11/26-11:21:42.195827 7fb9b9ae1700         Options.bottommost_compression_opts.max_dict_bytes: 0
2019/11/26-11:21:42.195828 7fb9b9ae1700         Options.bottommost_compression_opts.zstd_max_train_bytes: 0
2019/11/26-11:21:42.195829 7fb9b9ae1700                  Options.bottommost_compression_opts.enabled: false
2019/11/26-11:21:42.195830 7fb9b9ae1700            Options.compression_opts.window_bits: -14
2019/11/26-11:21:42.195831 7fb9b9ae1700                  Options.compression_opts.level: 32767
2019/11/26-11:21:42.195832 7fb9b9ae1700               Options.compression_opts.strategy: 0
2019/11/26-11:21:42.195833 7fb9b9ae1700         Options.compression_opts.max_dict_bytes: 0
2019/11/26-11:21:42.195834 7fb9b9ae1700         Options.compression_opts.zstd_max_train_bytes: 0
2019/11/26-11:21:42.195835 7fb9b9ae1700                  Options.compression_opts.enabled: false
2019/11/26-11:21:42.195836 7fb9b9ae1700      Options.level0_file_num_compaction_trigger: 4
2019/11/26-11:21:42.195837 7fb9b9ae1700          Options.level0_slowdown_writes_trigger: 20
2019/11/26-11:21:42.195838 7fb9b9ae1700              Options.level0_stop_writes_trigger: 36
2019/11/26-11:21:42.195838 7fb9b9ae1700                   Options.target_file_size_base: 67108864
2019/11/26-11:21:42.195839 7fb9b9ae1700             Options.target_file_size_multiplier: 1
2019/11/26-11:21:42.195840 7fb9b9ae1700                Options.max_bytes_for_level_base: 268435456
2019/11/26-11:21:42.195841 7fb9b9ae1700 Options.level_compaction_dynamic_level_bytes: 0
2019/11/26-11:21:42.195842 7fb9b9ae1700          Options.max_bytes_for_level_multiplier: 10.000000
2019/11/26-11:21:42.195844 7fb9b9ae1700 Options.max_bytes_for_level_multiplier_addtl[0]: 1
2019/11/26-11:21:42.195845 7fb9b9ae1700 Options.max_bytes_for_level_multiplier_addtl[1]: 1
2019/11/26-11:21:42.195846 7fb9b9ae1700 Options.max_bytes_for_level_multiplier_addtl[2]: 1
2019/11/26-11:21:42.195847 7fb9b9ae1700 Options.max_bytes_for_level_multiplier_addtl[3]: 1
2019/11/26-11:21:42.195848 7fb9b9ae1700 Options.max_bytes_for_level_multiplier_addtl[4]: 1
2019/11/26-11:21:42.195849 7fb9b9ae1700 Options.max_bytes_for_level_multiplier_addtl[5]: 1
2019/11/26-11:21:42.195850 7fb9b9ae1700 Options.max_bytes_for_level_multiplier_addtl[6]: 1
2019/11/26-11:21:42.195851 7fb9b9ae1700       Options.max_sequential_skip_in_iterations: 8
2019/11/26-11:21:42.195852 7fb9b9ae1700                    Options.max_compaction_bytes: 1677721600
2019/11/26-11:21:42.195853 7fb9b9ae1700                        Options.arena_block_size: 8388608
2019/11/26-11:21:42.195860 7fb9b9ae1700   Options.soft_pending_compaction_bytes_limit: 68719476736
2019/11/26-11:21:42.195862 7fb9b9ae1700   Options.hard_pending_compaction_bytes_limit: 274877906944
2019/11/26-11:21:42.195863 7fb9b9ae1700       Options.rate_limit_delay_max_milliseconds: 100
2019/11/26-11:21:42.195864 7fb9b9ae1700                Options.disable_auto_compactions: 0
2019/11/26-11:21:42.195865 7fb9b9ae1700                        Options.compaction_style: kCompactionStyleLevel
2019/11/26-11:21:42.195867 7fb9b9ae1700                          Options.compaction_pri: kByCompensatedSize
2019/11/26-11:21:42.195868 7fb9b9ae1700 Options.compaction_options_universal.size_ratio: 1
2019/11/26-11:21:42.195869 7fb9b9ae1700 Options.compaction_options_universal.min_merge_width: 2
2019/11/26-11:21:42.195870 7fb9b9ae1700 Options.compaction_options_universal.max_merge_width: 4294967295
2019/11/26-11:21:42.195871 7fb9b9ae1700 Options.compaction_options_universal.max_size_amplification_percent: 200
2019/11/26-11:21:42.195872 7fb9b9ae1700 Options.compaction_options_universal.compression_size_percent: -1
2019/11/26-11:21:42.195873 7fb9b9ae1700 Options.compaction_options_universal.stop_style: kCompactionStopStyleTotalSize
2019/11/26-11:21:42.195874 7fb9b9ae1700 Options.compaction_options_fifo.max_table_files_size: 1073741824
2019/11/26-11:21:42.195875 7fb9b9ae1700 Options.compaction_options_fifo.allow_compaction: 0
2019/11/26-11:21:42.195876 7fb9b9ae1700 Options.compaction_options_fifo.ttl: 0
2019/11/26-11:21:42.195877 7fb9b9ae1700                   Options.table_properties_collectors: 
2019/11/26-11:21:42.195878 7fb9b9ae1700                   Options.inplace_update_support: 0
2019/11/26-11:21:42.195879 7fb9b9ae1700                 Options.inplace_update_num_locks: 10000
2019/11/26-11:21:42.195880 7fb9b9ae1700               Options.memtable_prefix_bloom_size_ratio: 0.000000
2019/11/26-11:21:42.195882 7fb9b9ae1700   Options.memtable_huge_page_size: 0
2019/11/26-11:21:42.195883 7fb9b9ae1700                           Options.bloom_locality: 0
2019/11/26-11:21:42.195883 7fb9b9ae1700                    Options.max_successive_merges: 0
2019/11/26-11:21:42.195884 7fb9b9ae1700                Options.optimize_filters_for_hits: 0
2019/11/26-11:21:42.195885 7fb9b9ae1700                Options.paranoid_file_checks: 0
2019/11/26-11:21:42.195886 7fb9b9ae1700                Options.force_consistency_checks: 0
2019/11/26-11:21:42.195887 7fb9b9ae1700                Options.report_bg_io_stats: 0
2019/11/26-11:21:42.195888 7fb9b9ae1700                               Options.ttl: 0
2019/11/26-11:21:42.196885 7fb9b9ae1700 [db/version_set.cc:3724] Recovered from manifest file:test-contractsdb/MANIFEST-000006 succeeded,manifest_file_number is 6, next_file_number is 8, last_sequence is 0, log_number is 0,prev_log_number is 0,max_column_family is 1,min_log_number_to_keep is 0
2019/11/26-11:21:42.196891 7fb9b9ae1700 [db/version_set.cc:3732] Column family [default] (ID 0), log number is 4
2019/11/26-11:21:42.196892 7fb9b9ae1700 [db/version_set.cc:3732] Column family [contracts] (ID 1), log number is 4
2019/11/26-11:21:42.196979 7fb9b9ae1700 EVENT_LOG_v1 {"time_micros": 1574738502196974, "job": 1, "event": "recovery_started", "log_files": [7]}
2019/11/26-11:21:42.196984 7fb9b9ae1700 [db/db_impl_open.cc:578] Recovering log #7 mode 2
2019/11/26-11:21:42.197080 7fb9b9ae1700 [db/version_set.cc:3037] Creating manifest 9
2019/11/26-11:21:42.316567 7fb9b9ae1700 EVENT_LOG_v1 {"time_micros": 1574738502316561, "job": 1, "event": "recovery_finished"}
2019/11/26-11:21:42.393723 7fb9b9ae1700 [db/db_impl_open.cc:1314] DB pointer 0x7fb9b0059980
2019/11/26-11:21:42.394160 7fb97f7fe700 [WARN] [db/db_impl.cc:669] ------- DUMPING STATS -------
2019/11/26-11:21:42.394216 7fb97f7fe700 [WARN] [db/db_impl.cc:670] 
** DB Stats **
Uptime(secs): 0.2 total, 0.2 interval
Cumulative writes: 0 writes, 0 keys, 0 commit groups, 0.0 writes per commit group, ingest: 0.00 GB, 0.00 MB/s
Cumulative WAL: 0 writes, 0 syncs, 0.00 writes per sync, written: 0.00 GB, 0.00 MB/s
Cumulative stall: 00:00:0.000 H:M:S, 0.0 percent
Interval writes: 0 writes, 0 keys, 0 commit groups, 0.0 writes per commit group, ingest: 0.00 MB, 0.00 MB/s
Interval WAL: 0 writes, 0 syncs, 0.00 writes per sync, written: 0.00 MB, 0.00 MB/s
Interval stall: 00:00:0.000 H:M:S, 0.0 percent

** Compaction Stats [default] **
Level    Files   Size     Score Read(GB)  Rn(GB) Rnp1(GB) Write(GB) Wnew(GB) Moved(GB) W-Amp Rd(MB/s) Wr(MB/s) Comp(sec) Comp(cnt) Avg(sec) KeyIn KeyDrop
----------------------------------------------------------------------------------------------------------------------------------------------------------
 Sum      0/0    0.00 KB   0.0      0.0     0.0      0.0       0.0      0.0       0.0   0.0      0.0      0.0         0         0    0.000       0      0
 Int      0/0    0.00 KB   0.0      0.0     0.0      0.0       0.0      0.0       0.0   0.0      0.0      0.0         0         0    0.000       0      0
Uptime(secs): 0.2 total, 0.2 interval
Flush(GB): cumulative 0.000, interval 0.000
AddFile(GB): cumulative 0.000, interval 0.000
AddFile(Total Files): cumulative 0, interval 0
AddFile(L0 Files): cumulative 0, interval 0
AddFile(Keys): cumulative 0, interval 0
Cumulative compaction: 0.00 GB write, 0.00 MB/s write, 0.00 GB read, 0.00 MB/s read, 0.0 seconds
Interval compaction: 0.00 GB write, 0.00 MB/s write, 0.00 GB read, 0.00 MB/s read, 0.0 seconds
Stalls(count): 0 level0_slowdown, 0 level0_slowdown_with_compaction, 0 level0_numfiles, 0 level0_numfiles_with_compaction, 0 stop for pending_compaction_bytes, 0 slowdown for pending_compaction_bytes, 0 memtable_compaction, 0 memtable_slowdown, interval 0 total count

** File Read Latency Histogram By Level [default] **

** Compaction Stats [contracts] **
Level    Files   Size     Score Read(GB)  Rn(GB) Rnp1(GB) Write(GB) Wnew(GB) Moved(GB) W-Amp Rd(MB/s) Wr(MB/s) Comp(sec) Comp(cnt) Avg(sec) KeyIn KeyDrop
----------------------------------------------------------------------------------------------------------------------------------------------------------
 Sum      0/0    0.00 KB   0.0      0.0     0.0      0.0       0.0      0.0       0.0   0.0      0.0      0.0         0         0    0.000       0      0
 Int      0/0    0.00 KB   0.0      0.0     0.0      0.0       0.0      0.0       0.0   0.0      0.0      0.0         0         0    0.000       0      0
Uptime(secs): 0.2 total, 0.2 interval
Flush(GB): cumulative 0.000, interval 0.000
AddFile(GB): cumulative 0.000, interval 0.000
AddFile(Total Files): cumulative 0, interval 0
AddFile(L0 Files): cumulative 0, interval 0
AddFile(Keys): cumulative 0, interval 0
Cumulative compaction: 0.00 GB write, 0.00 MB/s write, 0.00 GB read, 0.00 MB/s read, 0.0 seconds
Interval compaction: 0.00 GB write, 0.00 MB/s write, 0.00 GB read, 0.00 MB/s read, 0.0 seconds
Stalls(count): 0 level0_slowdown, 0 level0_slowdown_with_compaction, 0 level0_numfiles, 0 level0_numfiles_with_compaction, 0 stop for pending_compaction_bytes, 0 slowdown for pending_compaction_bytes, 0 memtable_compaction, 0 memtable_slowdown, interval 0 total count

** File Read Latency Histogram By Level [contracts] **

** Compaction Stats [default] **
Level    Files   Size     Score Read(GB)  Rn(GB) Rnp1(GB) Write(GB) Wnew(GB) Moved(GB) W-Amp Rd(MB/s) Wr(MB/s) Comp(sec) Comp(cnt) Avg(sec) KeyIn KeyDrop
----------------------------------------------------------------------------------------------------------------------------------------------------------
 Sum      0/0    0.00 KB   0.0      0.0     0.0      0.0       0.0      0.0       0.0   0.0      0.0      0.0         0         0    0.000       0      0
 Int      0/0    0.00 KB   0.0      0.0     0.0      0.0       0.0      0.0       0.0   0.0      0.0      0.0         0         0    0.000       0      0
Uptime(secs): 0.2 total, 0.0 interval
Flush(GB): cumulative 0.000, interval 0.000
AddFile(GB): cumulative 0.000, interval 0.000
AddFile(Total Files): cumulative 0, interval 0
AddFile(L0 Files): cumulative 0, interval 0
AddFile(Keys): cumulative 0, interval 0
Cumulative compaction: 0.00 GB write, 0.00 MB/s write, 0.00 GB read, 0.00 MB/s read, 0.0 seconds
Interval compaction: 0.00 GB write, 0.00 MB/s write, 0.00 GB read, 0.00 MB/s read, 0.0 seconds
Stalls(count): 0 level0_slowdown, 0 level0_slowdown_with_compaction, 0 level0_numfiles, 0 level0_numfiles_with_compaction, 0 stop for pending_compaction_bytes, 0 slowdown for pending_compaction_bytes, 0 memtable_compaction, 0 memtable_slowdown, interval 0 total count

** File Read Latency Histogram By Level [default] **

** Compaction Stats [contracts] **
Level    Files   Size     Score Read(GB)  Rn(GB) Rnp1(GB) Write(GB) Wnew(GB) Moved(GB) W-Amp Rd(MB/s) Wr(MB/s) Comp(sec) Comp(cnt) Avg(sec) KeyIn KeyDrop
----------------------------------------------------------------------------------------------------------------------------------------------------------
 Sum      0/0    0.00 KB   0.0      0.0     0.0      0.0       0.0      0.0       0.0   0.0      0.0      0.0         0         0    0.000       0      0
 Int      0/0    0.00 KB   0.0      0.0     0.0      0.0       0.0      0.0       0.0   0.0      0.0      0.0         0         0    0.000       0      0
Uptime(secs): 0.2 total, 0.0 interval
Flush(GB): cumulative 0.000, interval 0.000
AddFile(GB): cumulative 0.000, interval 0.000
AddFile(Total Files): cumulative 0, interval 0
AddFile(L0 Files): cumulative 0, interval 0
AddFile(Keys): cumulative 0, interval 0
Cumulative compaction: 0.00 GB write, 0.00 MB/s write, 0.00 GB read, 0.00 MB/s read, 0.0 seconds
Interval compaction: 0.00 GB write, 0.00 MB/s write, 0.00 GB read, 0.00 MB/s read, 0.0 seconds
Stalls(count): 0 level0_slowdown, 0 level0_slowdown_with_compaction, 0 level0_numfiles, 0 level0_numfiles_with_compaction, 0 stop for pending_compaction_bytes, 0 slowdown for pending_compaction_bytes, 0 memtable_compaction, 0 memtable_slowdown, interval 0 total count

** File Read Latency Histogram By Level [contracts] **
2019/11/26-11:21:42.394491 7fb9b9ae1700 [db/db_impl.cc:388] Shutdown: canceling all background work
2019/11/26-11:21:42.394789 7fb9b9ae1700 [db/db_impl.cc:562] Shutdown complete
