2019/11/14-17:34:34.199876 7efdaf425700 RocksDB version: 5.18.3
2019/11/14-17:34:34.200189 7efdaf425700 Git sha rocksdb_build_git_sha:2b38e2dd6602a17a2010308580fd5d8c91dea650
2019/11/14-17:34:34.200193 7efdaf425700 Compile date Nov 12 2019
2019/11/14-17:34:34.200210 7efdaf425700 DB SUMMARY
2019/11/14-17:34:34.200255 7efdaf425700 CURRENT file:  CURRENT
2019/11/14-17:34:34.200261 7efdaf425700 IDENTITY file:  IDENTITY
2019/11/14-17:34:34.200275 7efdaf425700 MANIFEST file:  MANIFEST-000038 size: 137 Bytes
2019/11/14-17:34:34.200281 7efdaf425700 SST files in rocksdb/test_contain_should_return_true dir, Total Num: 0, files: 
2019/11/14-17:34:34.200285 7efdaf425700 Write Ahead Log file in rocksdb/test_contain_should_return_true: 000039.log size: 32 ; 
2019/11/14-17:34:34.200287 7efdaf425700                         Options.error_if_exists: 0
2019/11/14-17:34:34.200290 7efdaf425700                       Options.create_if_missing: 1
2019/11/14-17:34:34.200291 7efdaf425700                         Options.paranoid_checks: 1
2019/11/14-17:34:34.200293 7efdaf425700                                     Options.env: 0x555f06b26000
2019/11/14-17:34:34.200295 7efdaf425700                                Options.info_log: 0x7efda0008c60
2019/11/14-17:34:34.200297 7efdaf425700                Options.max_file_opening_threads: 16
2019/11/14-17:34:34.200298 7efdaf425700                              Options.statistics: (nil)
2019/11/14-17:34:34.200301 7efdaf425700                               Options.use_fsync: 0
2019/11/14-17:34:34.200303 7efdaf425700                       Options.max_log_file_size: 0
2019/11/14-17:34:34.200305 7efdaf425700                  Options.max_manifest_file_size: 1073741824
2019/11/14-17:34:34.200307 7efdaf425700                   Options.log_file_time_to_roll: 0
2019/11/14-17:34:34.200310 7efdaf425700                       Options.keep_log_file_num: 1000
2019/11/14-17:34:34.200312 7efdaf425700                    Options.recycle_log_file_num: 0
2019/11/14-17:34:34.200322 7efdaf425700                         Options.allow_fallocate: 1
2019/11/14-17:34:34.200324 7efdaf425700                        Options.allow_mmap_reads: 0
2019/11/14-17:34:34.200326 7efdaf425700                       Options.allow_mmap_writes: 0
2019/11/14-17:34:34.200327 7efdaf425700                        Options.use_direct_reads: 0
2019/11/14-17:34:34.200334 7efdaf425700                        Options.use_direct_io_for_flush_and_compaction: 0
2019/11/14-17:34:34.200341 7efdaf425700          Options.create_missing_column_families: 1
2019/11/14-17:34:34.200343 7efdaf425700                              Options.db_log_dir: 
2019/11/14-17:34:34.200353 7efdaf425700                                 Options.wal_dir: rocksdb/test_contain_should_return_true
2019/11/14-17:34:34.200356 7efdaf425700                Options.table_cache_numshardbits: 6
2019/11/14-17:34:34.200358 7efdaf425700                      Options.max_subcompactions: 1
2019/11/14-17:34:34.200359 7efdaf425700                  Options.max_background_flushes: -1
2019/11/14-17:34:34.200362 7efdaf425700                         Options.WAL_ttl_seconds: 0
2019/11/14-17:34:34.200364 7efdaf425700                       Options.WAL_size_limit_MB: 0
2019/11/14-17:34:34.200369 7efdaf425700             Options.manifest_preallocation_size: 4194304
2019/11/14-17:34:34.200370 7efdaf425700                     Options.is_fd_close_on_exec: 1
2019/11/14-17:34:34.200373 7efdaf425700                   Options.advise_random_on_open: 1
2019/11/14-17:34:34.200377 7efdaf425700                    Options.db_write_buffer_size: 0
2019/11/14-17:34:34.200381 7efdaf425700                    Options.write_buffer_manager: 0x7efda0008bd0
2019/11/14-17:34:34.200383 7efdaf425700         Options.access_hint_on_compaction_start: 1
2019/11/14-17:34:34.200384 7efdaf425700  Options.new_table_reader_for_compaction_inputs: 0
2019/11/14-17:34:34.200387 7efdaf425700           Options.random_access_max_buffer_size: 1048576
2019/11/14-17:34:34.200389 7efdaf425700                      Options.use_adaptive_mutex: 0
2019/11/14-17:34:34.200391 7efdaf425700                            Options.rate_limiter: (nil)
2019/11/14-17:34:34.200434 7efdaf425700     Options.sst_file_manager.rate_bytes_per_sec: 0
2019/11/14-17:34:34.200437 7efdaf425700                       Options.wal_recovery_mode: 2
2019/11/14-17:34:34.200438 7efdaf425700                  Options.enable_thread_tracking: 0
2019/11/14-17:34:34.200440 7efdaf425700                  Options.enable_pipelined_write: 0
2019/11/14-17:34:34.200441 7efdaf425700         Options.allow_concurrent_memtable_write: 1
2019/11/14-17:34:34.200443 7efdaf425700      Options.enable_write_thread_adaptive_yield: 1
2019/11/14-17:34:34.200444 7efdaf425700             Options.write_thread_max_yield_usec: 100
2019/11/14-17:34:34.200446 7efdaf425700            Options.write_thread_slow_yield_usec: 3
2019/11/14-17:34:34.200447 7efdaf425700                               Options.row_cache: None
2019/11/14-17:34:34.200449 7efdaf425700                              Options.wal_filter: None
2019/11/14-17:34:34.200451 7efdaf425700             Options.avoid_flush_during_recovery: 0
2019/11/14-17:34:34.200452 7efdaf425700             Options.allow_ingest_behind: 0
2019/11/14-17:34:34.200454 7efdaf425700             Options.preserve_deletes: 0
2019/11/14-17:34:34.200456 7efdaf425700             Options.two_write_queues: 0
2019/11/14-17:34:34.200458 7efdaf425700             Options.manual_wal_flush: 0
2019/11/14-17:34:34.200459 7efdaf425700             Options.max_background_jobs: 2
2019/11/14-17:34:34.200463 7efdaf425700             Options.max_background_compactions: -1
2019/11/14-17:34:34.200464 7efdaf425700             Options.avoid_flush_during_shutdown: 0
2019/11/14-17:34:34.200466 7efdaf425700           Options.writable_file_max_buffer_size: 1048576
2019/11/14-17:34:34.200468 7efdaf425700             Options.delayed_write_rate : 16777216
2019/11/14-17:34:34.200469 7efdaf425700             Options.max_total_wal_size: 0
2019/11/14-17:34:34.200471 7efdaf425700             Options.delete_obsolete_files_period_micros: 21600000000
2019/11/14-17:34:34.200473 7efdaf425700                   Options.stats_dump_period_sec: 600
2019/11/14-17:34:34.200474 7efdaf425700                          Options.max_open_files: -1
2019/11/14-17:34:34.200476 7efdaf425700                          Options.bytes_per_sync: 0
2019/11/14-17:34:34.200477 7efdaf425700                      Options.wal_bytes_per_sync: 0
2019/11/14-17:34:34.200478 7efdaf425700       Options.compaction_readahead_size: 0
2019/11/14-17:34:34.200480 7efdaf425700 Compression algorithms supported:
2019/11/14-17:34:34.200482 7efdaf425700 	kZSTDNotFinalCompression supported: 1
2019/11/14-17:34:34.200483 7efdaf425700 	kZSTD supported: 1
2019/11/14-17:34:34.200485 7efdaf425700 	kXpressCompression supported: 0
2019/11/14-17:34:34.200486 7efdaf425700 	kLZ4HCCompression supported: 1
2019/11/14-17:34:34.200488 7efdaf425700 	kLZ4Compression supported: 1
2019/11/14-17:34:34.200490 7efdaf425700 	kBZip2Compression supported: 1
2019/11/14-17:34:34.200492 7efdaf425700 	kZlibCompression supported: 1
2019/11/14-17:34:34.200494 7efdaf425700 	kSnappyCompression supported: 1
2019/11/14-17:34:34.200496 7efdaf425700 Fast CRC32 supported: Supported on x86
2019/11/14-17:34:34.200756 7efdaf425700 [db/version_set.cc:3508] Recovering from manifest file: MANIFEST-000038
2019/11/14-17:34:34.200887 7efdaf425700 [db/column_family.cc:474] --------------- Options for column family [default]:
2019/11/14-17:34:34.200891 7efdaf425700               Options.comparator: leveldb.BytewiseComparator
2019/11/14-17:34:34.200893 7efdaf425700           Options.merge_operator: None
2019/11/14-17:34:34.200894 7efdaf425700        Options.compaction_filter: None
2019/11/14-17:34:34.200896 7efdaf425700        Options.compaction_filter_factory: None
2019/11/14-17:34:34.200897 7efdaf425700         Options.memtable_factory: SkipListFactory
2019/11/14-17:34:34.200899 7efdaf425700            Options.table_factory: BlockBasedTable
2019/11/14-17:34:34.200969 7efdaf425700            table_factory options:   flush_block_policy_factory: FlushBlockBySizePolicyFactory (0x7efda0005850)
  cache_index_and_filter_blocks: 0
  cache_index_and_filter_blocks_with_high_priority: 0
  pin_l0_filter_and_index_blocks_in_cache: 0
  pin_top_level_index_and_filter: 1
  index_type: 0
  hash_index_allow_collision: 1
  checksum: 1
  no_block_cache: 0
  block_cache: 0x7efda00058a0
  block_cache_name: LRUCache
  block_cache_options:
    capacity : 8388608
    num_shard_bits : 4
    strict_capacity_limit : 0
    memory_allocator : None
    high_pri_pool_ratio: 0.000
  block_cache_compressed: (nil)
  persistent_cache: (nil)
  block_size: 4096
  block_size_deviation: 10
  block_restart_interval: 16
  index_block_restart_interval: 1
  metadata_block_size: 4096
  partition_filters: 0
  use_delta_encoding: 1
  filter_policy: nullptr
  whole_key_filtering: 1
  verify_compression: 0
  read_amp_bytes_per_bit: 0
  format_version: 2
  enable_index_compression: 1
  block_align: 0
2019/11/14-17:34:34.200988 7efdaf425700        Options.write_buffer_size: 67108864
2019/11/14-17:34:34.200995 7efdaf425700  Options.max_write_buffer_number: 2
2019/11/14-17:34:34.200998 7efdaf425700          Options.compression: Snappy
2019/11/14-17:34:34.201003 7efdaf425700                  Options.bottommost_compression: Disabled
2019/11/14-17:34:34.201007 7efdaf425700       Options.prefix_extractor: nullptr
2019/11/14-17:34:34.201009 7efdaf425700   Options.memtable_insert_with_hint_prefix_extractor: nullptr
2019/11/14-17:34:34.201010 7efdaf425700             Options.num_levels: 7
2019/11/14-17:34:34.201012 7efdaf425700        Options.min_write_buffer_number_to_merge: 1
2019/11/14-17:34:34.201015 7efdaf425700     Options.max_write_buffer_number_to_maintain: 0
2019/11/14-17:34:34.201016 7efdaf425700            Options.bottommost_compression_opts.window_bits: -14
2019/11/14-17:34:34.201018 7efdaf425700                  Options.bottommost_compression_opts.level: 32767
2019/11/14-17:34:34.201020 7efdaf425700               Options.bottommost_compression_opts.strategy: 0
2019/11/14-17:34:34.201021 7efdaf425700         Options.bottommost_compression_opts.max_dict_bytes: 0
2019/11/14-17:34:34.201024 7efdaf425700         Options.bottommost_compression_opts.zstd_max_train_bytes: 0
2019/11/14-17:34:34.201025 7efdaf425700                  Options.bottommost_compression_opts.enabled: false
2019/11/14-17:34:34.201027 7efdaf425700            Options.compression_opts.window_bits: -14
2019/11/14-17:34:34.201028 7efdaf425700                  Options.compression_opts.level: 32767
2019/11/14-17:34:34.201029 7efdaf425700               Options.compression_opts.strategy: 0
2019/11/14-17:34:34.201031 7efdaf425700         Options.compression_opts.max_dict_bytes: 0
2019/11/14-17:34:34.201032 7efdaf425700         Options.compression_opts.zstd_max_train_bytes: 0
2019/11/14-17:34:34.201042 7efdaf425700                  Options.compression_opts.enabled: false
2019/11/14-17:34:34.201046 7efdaf425700      Options.level0_file_num_compaction_trigger: 4
2019/11/14-17:34:34.201047 7efdaf425700          Options.level0_slowdown_writes_trigger: 20
2019/11/14-17:34:34.201050 7efdaf425700              Options.level0_stop_writes_trigger: 36
2019/11/14-17:34:34.201051 7efdaf425700                   Options.target_file_size_base: 67108864
2019/11/14-17:34:34.201054 7efdaf425700             Options.target_file_size_multiplier: 1
2019/11/14-17:34:34.201055 7efdaf425700                Options.max_bytes_for_level_base: 268435456
2019/11/14-17:34:34.201056 7efdaf425700 Options.level_compaction_dynamic_level_bytes: 0
2019/11/14-17:34:34.201058 7efdaf425700          Options.max_bytes_for_level_multiplier: 10.000000
2019/11/14-17:34:34.201063 7efdaf425700 Options.max_bytes_for_level_multiplier_addtl[0]: 1
2019/11/14-17:34:34.201065 7efdaf425700 Options.max_bytes_for_level_multiplier_addtl[1]: 1
2019/11/14-17:34:34.201067 7efdaf425700 Options.max_bytes_for_level_multiplier_addtl[2]: 1
2019/11/14-17:34:34.201069 7efdaf425700 Options.max_bytes_for_level_multiplier_addtl[3]: 1
2019/11/14-17:34:34.201070 7efdaf425700 Options.max_bytes_for_level_multiplier_addtl[4]: 1
2019/11/14-17:34:34.201072 7efdaf425700 Options.max_bytes_for_level_multiplier_addtl[5]: 1
2019/11/14-17:34:34.201085 7efdaf425700 Options.max_bytes_for_level_multiplier_addtl[6]: 1
2019/11/14-17:34:34.201087 7efdaf425700       Options.max_sequential_skip_in_iterations: 8
2019/11/14-17:34:34.201090 7efdaf425700                    Options.max_compaction_bytes: 1677721600
2019/11/14-17:34:34.201091 7efdaf425700                        Options.arena_block_size: 8388608
2019/11/14-17:34:34.201093 7efdaf425700   Options.soft_pending_compaction_bytes_limit: 68719476736
2019/11/14-17:34:34.201094 7efdaf425700   Options.hard_pending_compaction_bytes_limit: 274877906944
2019/11/14-17:34:34.201098 7efdaf425700       Options.rate_limit_delay_max_milliseconds: 100
2019/11/14-17:34:34.201099 7efdaf425700                Options.disable_auto_compactions: 0
2019/11/14-17:34:34.201111 7efdaf425700                        Options.compaction_style: kCompactionStyleLevel
2019/11/14-17:34:34.201116 7efdaf425700                          Options.compaction_pri: kByCompensatedSize
2019/11/14-17:34:34.201120 7efdaf425700 Options.compaction_options_universal.size_ratio: 1
2019/11/14-17:34:34.201126 7efdaf425700 Options.compaction_options_universal.min_merge_width: 2
2019/11/14-17:34:34.201128 7efdaf425700 Options.compaction_options_universal.max_merge_width: 4294967295
2019/11/14-17:34:34.201134 7efdaf425700 Options.compaction_options_universal.max_size_amplification_percent: 200
2019/11/14-17:34:34.201137 7efdaf425700 Options.compaction_options_universal.compression_size_percent: -1
2019/11/14-17:34:34.201148 7efdaf425700 Options.compaction_options_universal.stop_style: kCompactionStopStyleTotalSize
2019/11/14-17:34:34.201151 7efdaf425700 Options.compaction_options_fifo.max_table_files_size: 1073741824
2019/11/14-17:34:34.201152 7efdaf425700 Options.compaction_options_fifo.allow_compaction: 0
2019/11/14-17:34:34.201153 7efdaf425700 Options.compaction_options_fifo.ttl: 0
2019/11/14-17:34:34.201155 7efdaf425700                   Options.table_properties_collectors: 
2019/11/14-17:34:34.201159 7efdaf425700                   Options.inplace_update_support: 0
2019/11/14-17:34:34.201161 7efdaf425700                 Options.inplace_update_num_locks: 10000
2019/11/14-17:34:34.201163 7efdaf425700               Options.memtable_prefix_bloom_size_ratio: 0.000000
2019/11/14-17:34:34.201170 7efdaf425700   Options.memtable_huge_page_size: 0
2019/11/14-17:34:34.201172 7efdaf425700                           Options.bloom_locality: 0
2019/11/14-17:34:34.201175 7efdaf425700                    Options.max_successive_merges: 0
2019/11/14-17:34:34.201180 7efdaf425700                Options.optimize_filters_for_hits: 0
2019/11/14-17:34:34.201183 7efdaf425700                Options.paranoid_file_checks: 0
2019/11/14-17:34:34.201186 7efdaf425700                Options.force_consistency_checks: 0
2019/11/14-17:34:34.201189 7efdaf425700                Options.report_bg_io_stats: 0
2019/11/14-17:34:34.201202 7efdaf425700                               Options.ttl: 0
2019/11/14-17:34:34.201344 7efdaf425700 [db/column_family.cc:474] --------------- Options for column family [contracts]:
2019/11/14-17:34:34.201347 7efdaf425700               Options.comparator: leveldb.BytewiseComparator
2019/11/14-17:34:34.201352 7efdaf425700           Options.merge_operator: None
2019/11/14-17:34:34.201364 7efdaf425700        Options.compaction_filter: None
2019/11/14-17:34:34.201366 7efdaf425700        Options.compaction_filter_factory: None
2019/11/14-17:34:34.201367 7efdaf425700         Options.memtable_factory: SkipListFactory
2019/11/14-17:34:34.201370 7efdaf425700            Options.table_factory: BlockBasedTable
2019/11/14-17:34:34.201413 7efdaf425700            table_factory options:   flush_block_policy_factory: FlushBlockBySizePolicyFactory (0x7efda00036b0)
  cache_index_and_filter_blocks: 0
  cache_index_and_filter_blocks_with_high_priority: 0
  pin_l0_filter_and_index_blocks_in_cache: 0
  pin_top_level_index_and_filter: 1
  index_type: 0
  hash_index_allow_collision: 1
  checksum: 1
  no_block_cache: 0
  block_cache: 0x7efda0003700
  block_cache_name: LRUCache
  block_cache_options:
    capacity : 8388608
    num_shard_bits : 4
    strict_capacity_limit : 0
    memory_allocator : None
    high_pri_pool_ratio: 0.000
  block_cache_compressed: (nil)
  persistent_cache: (nil)
  block_size: 4096
  block_size_deviation: 10
  block_restart_interval: 16
  index_block_restart_interval: 1
  metadata_block_size: 4096
  partition_filters: 0
  use_delta_encoding: 1
  filter_policy: nullptr
  whole_key_filtering: 1
  verify_compression: 0
  read_amp_bytes_per_bit: 0
  format_version: 2
  enable_index_compression: 1
  block_align: 0
2019/11/14-17:34:34.201429 7efdaf425700        Options.write_buffer_size: 67108864
2019/11/14-17:34:34.201432 7efdaf425700  Options.max_write_buffer_number: 2
2019/11/14-17:34:34.201436 7efdaf425700          Options.compression: Snappy
2019/11/14-17:34:34.201440 7efdaf425700                  Options.bottommost_compression: Disabled
2019/11/14-17:34:34.201449 7efdaf425700       Options.prefix_extractor: nullptr
2019/11/14-17:34:34.201453 7efdaf425700   Options.memtable_insert_with_hint_prefix_extractor: nullptr
2019/11/14-17:34:34.201454 7efdaf425700             Options.num_levels: 7
2019/11/14-17:34:34.201456 7efdaf425700        Options.min_write_buffer_number_to_merge: 1
2019/11/14-17:34:34.201459 7efdaf425700     Options.max_write_buffer_number_to_maintain: 0
2019/11/14-17:34:34.201461 7efdaf425700            Options.bottommost_compression_opts.window_bits: -14
2019/11/14-17:34:34.201462 7efdaf425700                  Options.bottommost_compression_opts.level: 32767
2019/11/14-17:34:34.201464 7efdaf425700               Options.bottommost_compression_opts.strategy: 0
2019/11/14-17:34:34.201465 7efdaf425700         Options.bottommost_compression_opts.max_dict_bytes: 0
2019/11/14-17:34:34.201467 7efdaf425700         Options.bottommost_compression_opts.zstd_max_train_bytes: 0
2019/11/14-17:34:34.201468 7efdaf425700                  Options.bottommost_compression_opts.enabled: false
2019/11/14-17:34:34.201477 7efdaf425700            Options.compression_opts.window_bits: -14
2019/11/14-17:34:34.201478 7efdaf425700                  Options.compression_opts.level: 32767
2019/11/14-17:34:34.201481 7efdaf425700               Options.compression_opts.strategy: 0
2019/11/14-17:34:34.201482 7efdaf425700         Options.compression_opts.max_dict_bytes: 0
2019/11/14-17:34:34.201483 7efdaf425700         Options.compression_opts.zstd_max_train_bytes: 0
2019/11/14-17:34:34.201485 7efdaf425700                  Options.compression_opts.enabled: false
2019/11/14-17:34:34.201488 7efdaf425700      Options.level0_file_num_compaction_trigger: 4
2019/11/14-17:34:34.201489 7efdaf425700          Options.level0_slowdown_writes_trigger: 20
2019/11/14-17:34:34.201490 7efdaf425700              Options.level0_stop_writes_trigger: 36
2019/11/14-17:34:34.201492 7efdaf425700                   Options.target_file_size_base: 67108864
2019/11/14-17:34:34.201493 7efdaf425700             Options.target_file_size_multiplier: 1
2019/11/14-17:34:34.201496 7efdaf425700                Options.max_bytes_for_level_base: 268435456
2019/11/14-17:34:34.201498 7efdaf425700 Options.level_compaction_dynamic_level_bytes: 0
2019/11/14-17:34:34.201499 7efdaf425700          Options.max_bytes_for_level_multiplier: 10.000000
2019/11/14-17:34:34.201503 7efdaf425700 Options.max_bytes_for_level_multiplier_addtl[0]: 1
2019/11/14-17:34:34.201504 7efdaf425700 Options.max_bytes_for_level_multiplier_addtl[1]: 1
2019/11/14-17:34:34.201505 7efdaf425700 Options.max_bytes_for_level_multiplier_addtl[2]: 1
2019/11/14-17:34:34.201508 7efdaf425700 Options.max_bytes_for_level_multiplier_addtl[3]: 1
2019/11/14-17:34:34.201523 7efdaf425700 Options.max_bytes_for_level_multiplier_addtl[4]: 1
2019/11/14-17:34:34.201526 7efdaf425700 Options.max_bytes_for_level_multiplier_addtl[5]: 1
2019/11/14-17:34:34.201529 7efdaf425700 Options.max_bytes_for_level_multiplier_addtl[6]: 1
2019/11/14-17:34:34.201532 7efdaf425700       Options.max_sequential_skip_in_iterations: 8
2019/11/14-17:34:34.201535 7efdaf425700                    Options.max_compaction_bytes: 1677721600
2019/11/14-17:34:34.201550 7efdaf425700                        Options.arena_block_size: 8388608
2019/11/14-17:34:34.201552 7efdaf425700   Options.soft_pending_compaction_bytes_limit: 68719476736
2019/11/14-17:34:34.201554 7efdaf425700   Options.hard_pending_compaction_bytes_limit: 274877906944
2019/11/14-17:34:34.201557 7efdaf425700       Options.rate_limit_delay_max_milliseconds: 100
2019/11/14-17:34:34.201560 7efdaf425700                Options.disable_auto_compactions: 0
2019/11/14-17:34:34.201569 7efdaf425700                        Options.compaction_style: kCompactionStyleLevel
2019/11/14-17:34:34.201573 7efdaf425700                          Options.compaction_pri: kByCompensatedSize
2019/11/14-17:34:34.201575 7efdaf425700 Options.compaction_options_universal.size_ratio: 1
2019/11/14-17:34:34.201577 7efdaf425700 Options.compaction_options_universal.min_merge_width: 2
2019/11/14-17:34:34.201581 7efdaf425700 Options.compaction_options_universal.max_merge_width: 4294967295
2019/11/14-17:34:34.201584 7efdaf425700 Options.compaction_options_universal.max_size_amplification_percent: 200
2019/11/14-17:34:34.201586 7efdaf425700 Options.compaction_options_universal.compression_size_percent: -1
2019/11/14-17:34:34.201593 7efdaf425700 Options.compaction_options_universal.stop_style: kCompactionStopStyleTotalSize
2019/11/14-17:34:34.201608 7efdaf425700 Options.compaction_options_fifo.max_table_files_size: 1073741824
2019/11/14-17:34:34.201610 7efdaf425700 Options.compaction_options_fifo.allow_compaction: 0
2019/11/14-17:34:34.201611 7efdaf425700 Options.compaction_options_fifo.ttl: 0
2019/11/14-17:34:34.201613 7efdaf425700                   Options.table_properties_collectors: 
2019/11/14-17:34:34.201621 7efdaf425700                   Options.inplace_update_support: 0
2019/11/14-17:34:34.201623 7efdaf425700                 Options.inplace_update_num_locks: 10000
2019/11/14-17:34:34.201624 7efdaf425700               Options.memtable_prefix_bloom_size_ratio: 0.000000
2019/11/14-17:34:34.201626 7efdaf425700   Options.memtable_huge_page_size: 0
2019/11/14-17:34:34.201628 7efdaf425700                           Options.bloom_locality: 0
2019/11/14-17:34:34.201630 7efdaf425700                    Options.max_successive_merges: 0
2019/11/14-17:34:34.201634 7efdaf425700                Options.optimize_filters_for_hits: 0
2019/11/14-17:34:34.201637 7efdaf425700                Options.paranoid_file_checks: 0
2019/11/14-17:34:34.201638 7efdaf425700                Options.force_consistency_checks: 0
2019/11/14-17:34:34.201640 7efdaf425700                Options.report_bg_io_stats: 0
2019/11/14-17:34:34.201641 7efdaf425700                               Options.ttl: 0
2019/11/14-17:34:34.206775 7efdaf425700 [db/version_set.cc:3724] Recovered from manifest file:rocksdb/test_contain_should_return_true/MANIFEST-000038 succeeded,manifest_file_number is 38, next_file_number is 45, last_sequence is 6, log_number is 0,prev_log_number is 0,max_column_family is 6,min_log_number_to_keep is 0
2019/11/14-17:34:34.206780 7efdaf425700 [db/version_set.cc:3732] Column family [default] (ID 0), log number is 33
2019/11/14-17:34:34.206836 7efdaf425700 EVENT_LOG_v1 {"time_micros": 1573724074206834, "job": 1, "event": "recovery_started", "log_files": [39]}
2019/11/14-17:34:34.206841 7efdaf425700 [db/db_impl_open.cc:578] Recovering log #39 mode 2
2019/11/14-17:34:34.206932 7efdaf425700 [db/version_set.cc:3037] Creating manifest 45
2019/11/14-17:34:34.419843 7efdaf425700 EVENT_LOG_v1 {"time_micros": 1573724074419839, "job": 1, "event": "recovery_finished"}
2019/11/14-17:34:34.494677 7efdaf425700 [db/column_family.cc:474] --------------- Options for column family [contracts]:
2019/11/14-17:34:34.494748 7efdaf425700               Options.comparator: leveldb.BytewiseComparator
2019/11/14-17:34:34.494750 7efdaf425700           Options.merge_operator: None
2019/11/14-17:34:34.494751 7efdaf425700        Options.compaction_filter: None
2019/11/14-17:34:34.494753 7efdaf425700        Options.compaction_filter_factory: None
2019/11/14-17:34:34.494754 7efdaf425700         Options.memtable_factory: SkipListFactory
2019/11/14-17:34:34.494756 7efdaf425700            Options.table_factory: BlockBasedTable
2019/11/14-17:34:34.494834 7efdaf425700            table_factory options:   flush_block_policy_factory: FlushBlockBySizePolicyFactory (0x7efda00036b0)
  cache_index_and_filter_blocks: 0
  cache_index_and_filter_blocks_with_high_priority: 0
  pin_l0_filter_and_index_blocks_in_cache: 0
  pin_top_level_index_and_filter: 1
  index_type: 0
  hash_index_allow_collision: 1
  checksum: 1
  no_block_cache: 0
  block_cache: 0x7efda0003700
  block_cache_name: LRUCache
  block_cache_options:
    capacity : 8388608
    num_shard_bits : 4
    strict_capacity_limit : 0
    memory_allocator : None
    high_pri_pool_ratio: 0.000
  block_cache_compressed: (nil)
  persistent_cache: (nil)
  block_size: 4096
  block_size_deviation: 10
  block_restart_interval: 16
  index_block_restart_interval: 1
  metadata_block_size: 4096
  partition_filters: 0
  use_delta_encoding: 1
  filter_policy: nullptr
  whole_key_filtering: 1
  verify_compression: 0
  read_amp_bytes_per_bit: 0
  format_version: 2
  enable_index_compression: 1
  block_align: 0
2019/11/14-17:34:34.494837 7efdaf425700        Options.write_buffer_size: 67108864
2019/11/14-17:34:34.494839 7efdaf425700  Options.max_write_buffer_number: 2
2019/11/14-17:34:34.494841 7efdaf425700          Options.compression: Snappy
2019/11/14-17:34:34.494843 7efdaf425700                  Options.bottommost_compression: Disabled
2019/11/14-17:34:34.494845 7efdaf425700       Options.prefix_extractor: nullptr
2019/11/14-17:34:34.494846 7efdaf425700   Options.memtable_insert_with_hint_prefix_extractor: nullptr
2019/11/14-17:34:34.494856 7efdaf425700             Options.num_levels: 7
2019/11/14-17:34:34.494859 7efdaf425700        Options.min_write_buffer_number_to_merge: 1
2019/11/14-17:34:34.494860 7efdaf425700     Options.max_write_buffer_number_to_maintain: 0
2019/11/14-17:34:34.494863 7efdaf425700            Options.bottommost_compression_opts.window_bits: -14
2019/11/14-17:34:34.494878 7efdaf425700                  Options.bottommost_compression_opts.level: 32767
2019/11/14-17:34:34.494880 7efdaf425700               Options.bottommost_compression_opts.strategy: 0
2019/11/14-17:34:34.494882 7efdaf425700         Options.bottommost_compression_opts.max_dict_bytes: 0
2019/11/14-17:34:34.494948 7efdaf425700         Options.bottommost_compression_opts.zstd_max_train_bytes: 0
2019/11/14-17:34:34.494950 7efdaf425700                  Options.bottommost_compression_opts.enabled: false
2019/11/14-17:34:34.494962 7efdaf425700            Options.compression_opts.window_bits: -14
2019/11/14-17:34:34.494963 7efdaf425700                  Options.compression_opts.level: 32767
2019/11/14-17:34:34.494966 7efdaf425700               Options.compression_opts.strategy: 0
2019/11/14-17:34:34.494978 7efdaf425700         Options.compression_opts.max_dict_bytes: 0
2019/11/14-17:34:34.494980 7efdaf425700         Options.compression_opts.zstd_max_train_bytes: 0
2019/11/14-17:34:34.494982 7efdaf425700                  Options.compression_opts.enabled: false
2019/11/14-17:34:34.494984 7efdaf425700      Options.level0_file_num_compaction_trigger: 4
2019/11/14-17:34:34.494985 7efdaf425700          Options.level0_slowdown_writes_trigger: 20
2019/11/14-17:34:34.494986 7efdaf425700              Options.level0_stop_writes_trigger: 36
2019/11/14-17:34:34.494989 7efdaf425700                   Options.target_file_size_base: 67108864
2019/11/14-17:34:34.494990 7efdaf425700             Options.target_file_size_multiplier: 1
2019/11/14-17:34:34.495003 7efdaf425700                Options.max_bytes_for_level_base: 268435456
2019/11/14-17:34:34.495008 7efdaf425700 Options.level_compaction_dynamic_level_bytes: 0
2019/11/14-17:34:34.495009 7efdaf425700          Options.max_bytes_for_level_multiplier: 10.000000
2019/11/14-17:34:34.495012 7efdaf425700 Options.max_bytes_for_level_multiplier_addtl[0]: 1
2019/11/14-17:34:34.495014 7efdaf425700 Options.max_bytes_for_level_multiplier_addtl[1]: 1
2019/11/14-17:34:34.495016 7efdaf425700 Options.max_bytes_for_level_multiplier_addtl[2]: 1
2019/11/14-17:34:34.495017 7efdaf425700 Options.max_bytes_for_level_multiplier_addtl[3]: 1
2019/11/14-17:34:34.495019 7efdaf425700 Options.max_bytes_for_level_multiplier_addtl[4]: 1
2019/11/14-17:34:34.495021 7efdaf425700 Options.max_bytes_for_level_multiplier_addtl[5]: 1
2019/11/14-17:34:34.495022 7efdaf425700 Options.max_bytes_for_level_multiplier_addtl[6]: 1
2019/11/14-17:34:34.495037 7efdaf425700       Options.max_sequential_skip_in_iterations: 8
2019/11/14-17:34:34.495038 7efdaf425700                    Options.max_compaction_bytes: 1677721600
2019/11/14-17:34:34.495039 7efdaf425700                        Options.arena_block_size: 8388608
2019/11/14-17:34:34.495041 7efdaf425700   Options.soft_pending_compaction_bytes_limit: 68719476736
2019/11/14-17:34:34.495042 7efdaf425700   Options.hard_pending_compaction_bytes_limit: 274877906944
2019/11/14-17:34:34.495044 7efdaf425700       Options.rate_limit_delay_max_milliseconds: 100
2019/11/14-17:34:34.495045 7efdaf425700                Options.disable_auto_compactions: 0
2019/11/14-17:34:34.495047 7efdaf425700                        Options.compaction_style: kCompactionStyleLevel
2019/11/14-17:34:34.495050 7efdaf425700                          Options.compaction_pri: kByCompensatedSize
2019/11/14-17:34:34.495051 7efdaf425700 Options.compaction_options_universal.size_ratio: 1
2019/11/14-17:34:34.495052 7efdaf425700 Options.compaction_options_universal.min_merge_width: 2
2019/11/14-17:34:34.495053 7efdaf425700 Options.compaction_options_universal.max_merge_width: 4294967295
2019/11/14-17:34:34.495054 7efdaf425700 Options.compaction_options_universal.max_size_amplification_percent: 200
2019/11/14-17:34:34.495056 7efdaf425700 Options.compaction_options_universal.compression_size_percent: -1
2019/11/14-17:34:34.495057 7efdaf425700 Options.compaction_options_universal.stop_style: kCompactionStopStyleTotalSize
2019/11/14-17:34:34.495059 7efdaf425700 Options.compaction_options_fifo.max_table_files_size: 1073741824
2019/11/14-17:34:34.495060 7efdaf425700 Options.compaction_options_fifo.allow_compaction: 0
2019/11/14-17:34:34.495061 7efdaf425700 Options.compaction_options_fifo.ttl: 0
2019/11/14-17:34:34.495062 7efdaf425700                   Options.table_properties_collectors: 
2019/11/14-17:34:34.495064 7efdaf425700                   Options.inplace_update_support: 0
2019/11/14-17:34:34.495065 7efdaf425700                 Options.inplace_update_num_locks: 10000
2019/11/14-17:34:34.495066 7efdaf425700               Options.memtable_prefix_bloom_size_ratio: 0.000000
2019/11/14-17:34:34.495068 7efdaf425700   Options.memtable_huge_page_size: 0
2019/11/14-17:34:34.495069 7efdaf425700                           Options.bloom_locality: 0
2019/11/14-17:34:34.495070 7efdaf425700                    Options.max_successive_merges: 0
2019/11/14-17:34:34.495071 7efdaf425700                Options.optimize_filters_for_hits: 0
2019/11/14-17:34:34.495073 7efdaf425700                Options.paranoid_file_checks: 0
2019/11/14-17:34:34.495074 7efdaf425700                Options.force_consistency_checks: 0
2019/11/14-17:34:34.495075 7efdaf425700                Options.report_bg_io_stats: 0
2019/11/14-17:34:34.495076 7efdaf425700                               Options.ttl: 0
2019/11/14-17:34:34.495120 7efdaf425700 [db/db_impl.cc:1606] Created column family [contracts] (ID 7)
2019/11/14-17:34:34.716430 7efdaf425700 [db/db_impl_open.cc:1314] DB pointer 0x7efda0007b10
2019/11/14-17:34:34.716792 7efd777de700 [WARN] [db/db_impl.cc:669] ------- DUMPING STATS -------
2019/11/14-17:34:34.716835 7efd777de700 [WARN] [db/db_impl.cc:670] 
** DB Stats **
Uptime(secs): 0.5 total, 0.5 interval
Cumulative writes: 1 writes, 1 keys, 1 commit groups, 0.5 writes per commit group, ingest: 0.00 GB, 0.00 MB/s
Cumulative WAL: 1 writes, 0 syncs, 1.00 writes per sync, written: 0.00 GB, 0.00 MB/s
Cumulative stall: 00:00:0.000 H:M:S, 0.0 percent
Interval writes: 1 writes, 1 keys, 1 commit groups, 0.5 writes per commit group, ingest: 0.00 MB, 0.00 MB/s
Interval WAL: 1 writes, 0 syncs, 1.00 writes per sync, written: 0.00 MB, 0.00 MB/s
Interval stall: 00:00:0.000 H:M:S, 0.0 percent

** Compaction Stats [default] **
Level    Files   Size     Score Read(GB)  Rn(GB) Rnp1(GB) Write(GB) Wnew(GB) Moved(GB) W-Amp Rd(MB/s) Wr(MB/s) Comp(sec) Comp(cnt) Avg(sec) KeyIn KeyDrop
----------------------------------------------------------------------------------------------------------------------------------------------------------
 Sum      0/0    0.00 KB   0.0      0.0     0.0      0.0       0.0      0.0       0.0   0.0      0.0      0.0         0         0    0.000       0      0
 Int      0/0    0.00 KB   0.0      0.0     0.0      0.0       0.0      0.0       0.0   0.0      0.0      0.0         0         0    0.000       0      0
Uptime(secs): 0.5 total, 0.5 interval
Flush(GB): cumulative 0.000, interval 0.000
AddFile(GB): cumulative 0.000, interval 0.000
AddFile(Total Files): cumulative 0, interval 0
AddFile(L0 Files): cumulative 0, interval 0
AddFile(Keys): cumulative 0, interval 0
Cumulative compaction: 0.00 GB write, 0.00 MB/s write, 0.00 GB read, 0.00 MB/s read, 0.0 seconds
Interval compaction: 0.00 GB write, 0.00 MB/s write, 0.00 GB read, 0.00 MB/s read, 0.0 seconds
Stalls(count): 0 level0_slowdown, 0 level0_slowdown_with_compaction, 0 level0_numfiles, 0 level0_numfiles_with_compaction, 0 stop for pending_compaction_bytes, 0 slowdown for pending_compaction_bytes, 0 memtable_compaction, 0 memtable_slowdown, interval 0 total count

** File Read Latency Histogram By Level [default] **

** Compaction Stats [contracts] **
Level    Files   Size     Score Read(GB)  Rn(GB) Rnp1(GB) Write(GB) Wnew(GB) Moved(GB) W-Amp Rd(MB/s) Wr(MB/s) Comp(sec) Comp(cnt) Avg(sec) KeyIn KeyDrop
----------------------------------------------------------------------------------------------------------------------------------------------------------
 Sum      0/0    0.00 KB   0.0      0.0     0.0      0.0       0.0      0.0       0.0   0.0      0.0      0.0         0         0    0.000       0      0
 Int      0/0    0.00 KB   0.0      0.0     0.0      0.0       0.0      0.0       0.0   0.0      0.0      0.0         0         0    0.000       0      0
Uptime(secs): 0.2 total, 0.2 interval
Flush(GB): cumulative 0.000, interval 0.000
AddFile(GB): cumulative 0.000, interval 0.000
AddFile(Total Files): cumulative 0, interval 0
AddFile(L0 Files): cumulative 0, interval 0
AddFile(Keys): cumulative 0, interval 0
Cumulative compaction: 0.00 GB write, 0.00 MB/s write, 0.00 GB read, 0.00 MB/s read, 0.0 seconds
Interval compaction: 0.00 GB write, 0.00 MB/s write, 0.00 GB read, 0.00 MB/s read, 0.0 seconds
Stalls(count): 0 level0_slowdown, 0 level0_slowdown_with_compaction, 0 level0_numfiles, 0 level0_numfiles_with_compaction, 0 stop for pending_compaction_bytes, 0 slowdown for pending_compaction_bytes, 0 memtable_compaction, 0 memtable_slowdown, interval 0 total count

** File Read Latency Histogram By Level [contracts] **

** Compaction Stats [default] **
Level    Files   Size     Score Read(GB)  Rn(GB) Rnp1(GB) Write(GB) Wnew(GB) Moved(GB) W-Amp Rd(MB/s) Wr(MB/s) Comp(sec) Comp(cnt) Avg(sec) KeyIn KeyDrop
----------------------------------------------------------------------------------------------------------------------------------------------------------
 Sum      0/0    0.00 KB   0.0      0.0     0.0      0.0       0.0      0.0       0.0   0.0      0.0      0.0         0         0    0.000       0      0
 Int      0/0    0.00 KB   0.0      0.0     0.0      0.0       0.0      0.0       0.0   0.0      0.0      0.0         0         0    0.000       0      0
Uptime(secs): 0.5 total, 0.0 interval
Flush(GB): cumulative 0.000, interval 0.000
AddFile(GB): cumulative 0.000, interval 0.000
AddFile(Total Files): cumulative 0, interval 0
AddFile(L0 Files): cumulative 0, interval 0
AddFile(Keys): cumulative 0, interval 0
Cumulative compaction: 0.00 GB write, 0.00 MB/s write, 0.00 GB read, 0.00 MB/s read, 0.0 seconds
Interval compaction: 0.00 GB write, 0.00 MB/s write, 0.00 GB read, 0.00 MB/s read, 0.0 seconds
Stalls(count): 0 level0_slowdown, 0 level0_slowdown_with_compaction, 0 level0_numfiles, 0 level0_numfiles_with_compaction, 0 stop for pending_compaction_bytes, 0 slowdown for pending_compaction_bytes, 0 memtable_compaction, 0 memtable_slowdown, interval 0 total count

** File Read Latency Histogram By Level [default] **

** Compaction Stats [contracts] **
Level    Files   Size     Score Read(GB)  Rn(GB) Rnp1(GB) Write(GB) Wnew(GB) Moved(GB) W-Amp Rd(MB/s) Wr(MB/s) Comp(sec) Comp(cnt) Avg(sec) KeyIn KeyDrop
----------------------------------------------------------------------------------------------------------------------------------------------------------
 Sum      0/0    0.00 KB   0.0      0.0     0.0      0.0       0.0      0.0       0.0   0.0      0.0      0.0         0         0    0.000       0      0
 Int      0/0    0.00 KB   0.0      0.0     0.0      0.0       0.0      0.0       0.0   0.0      0.0      0.0         0         0    0.000       0      0
Uptime(secs): 0.2 total, 0.0 interval
Flush(GB): cumulative 0.000, interval 0.000
AddFile(GB): cumulative 0.000, interval 0.000
AddFile(Total Files): cumulative 0, interval 0
AddFile(L0 Files): cumulative 0, interval 0
AddFile(Keys): cumulative 0, interval 0
Cumulative compaction: 0.00 GB write, 0.00 MB/s write, 0.00 GB read, 0.00 MB/s read, 0.0 seconds
Interval compaction: 0.00 GB write, 0.00 MB/s write, 0.00 GB read, 0.00 MB/s read, 0.0 seconds
Stalls(count): 0 level0_slowdown, 0 level0_slowdown_with_compaction, 0 level0_numfiles, 0 level0_numfiles_with_compaction, 0 stop for pending_compaction_bytes, 0 slowdown for pending_compaction_bytes, 0 memtable_compaction, 0 memtable_slowdown, interval 0 total count

** File Read Latency Histogram By Level [contracts] **
2019/11/14-17:34:34.829434 7efdaf425700 [db/db_impl.cc:1709] Dropped column family with id 7
2019/11/14-17:34:34.954848 7efdaf425700 [db/db_impl.cc:388] Shutdown: canceling all background work
2019/11/14-17:34:34.955174 7efdaf425700 [db/db_impl.cc:562] Shutdown complete
